1	命运之书	0	1	1	0
2	金创药(小量)	0	1	1	0
2	魔法药(小量)	0	1	1	0
2	金创药(中量)	0	1	1	0
2	魔法药(中量)	0	1	1	0
2	强效金创药	0	1	1	0
2	强效魔法药	0	1	1	0
2	神水	0	1	1	0
2	鹿血	0	1	1	0
2	鹿茸	0	1	1	0
2	太阳水	0	1	1	0
2	疗伤药	0	1	1	0
2	特殊药水	0	1	1	0
2	万年雪霜	0	1	1	0
2	强效太阳水	0	1	1	0
2	干肉	0	1	1	0
2	修复神水	0	1	1	0
1	记路标石	0	1	1	0
2	随机传送石	0	1	1	0
2	强化召唤卷	0	1	1	0
1	聚灵珠(小)	0	1	1	0
1	聚灵珠(大)	0	1	1	0
1	斗笠	0	1	1	0
2	比奇传送石	0	1	1	0
2	盟重传送石	0	1	1	0
1	彩票	0	1	1	0
1	祝福油	0	1	1	0
1	战神油	0	1	1	0
1	修复油	0	1	1	0
1	回城卷	0	1	1	0
1	行会回城卷	0	1	1	0
1	随机传送卷	0	1	1	0
1	地牢逃脱卷	0	1	1	0
1	攻击神水	0	1	1	0
1	魔力神水	0	1	1	0
1	精神神水	0	1	1	0
1	极速神水	0	1	1	0
1	体力强效神水	0	1	1	0
1	魔力强效神水	0	1	1	0
1	火球术	0	1	1	0
1	治愈术	0	1	1	0
1	基本剑术	0	1	1	0
1	精神力战法	0	1	1	0
1	抗拒火环	0	1	1	0
1	诱惑之光	0	1	1	0
1	施毒术	0	1	1	0
1	地狱火	0	1	1	0
1	雷电术	0	1	1	0
1	灵魂火符	0	1	1	0
1	大火球	0	1	1	0
1	攻杀剑术	0	1	1	0
1	召唤骷髅	0	1	1	0
1	瞬息移动	0	1	1	0
1	隐身术	0	1	1	0
1	集体隐身术	0	1	1	0
1	爆裂火焰	0	1	1	0
1	幽灵盾	0	1	1	0
1	火墙	0	1	1	0
1	刺杀剑术	0	1	1	0
1	神圣战甲术	0	1	1	0
1	疾光电影	0	1	1	0
1	心灵启示	0	1	1	0
1	困魔咒	0	1	1	0
1	半月弯刀	0	1	1	0
1	野蛮冲撞	0	1	1	0
1	地狱雷光	0	1	1	0
1	魔法盾	0	1	1	0
1	圣言术	0	1	1	0
1	群体治疗术	0	1	1	0
1	烈火剑法	0	1	1	0
1	召唤神兽	0	1	1	0
1	冰咆哮	0	1	1	0
4	木剑	0	1	1	0
4	匕首	0	1	1	0
4	青铜剑	0	1	1	0
4	乌木剑	0	1	1	0
4	铁剑	0	1	1	0
4	短剑	0	1	1	0
4	鹤嘴锄	0	1	1	0
4	青铜斧	0	1	1	0
4	八荒	0	1	1	0
4	半月	0	1	1	0
4	海魂	0	1	1	0
4	罗刹	0	1	1	0
4	凌风	0	1	1	0
4	破魂	0	1	1	0
4	祈祷之刃	0	1	1	0
4	斩马刀	0	1	1	0
4	偃月	0	1	1	0
4	降魔	0	1	1	0
4	修罗	0	1	1	0
4	凝霜	0	1	1	0
4	炼狱	0	1	1	0
4	魔杖	0	1	1	0
4	银蛇	0	1	1	0
4	井中月	0	1	1	0
4	无极棍	0	1	1	0
4	血饮	0	1	1	0
4	裁决之杖	0	1	1	0
4	命运之刃	0	1	1	0
4	屠龙	0	1	1	0
4	龙纹剑	0	1	1	0
4	嗜魂法杖	0	1	1	0
4	骨玉权杖	0	1	1	0
4	赤血魔剑	0	1	1	0
4	龙牙	0	1	1	0
4	怒斩	0	1	1	0
4	逍遥扇	0	1	1	0
4	霸者之刃	0	1	1	0
1	千里传音(大)	0	1	1	0
1	千里传音	0	1	1	0
3	布衣(男)	0	1	1	0
3	布衣(女)	0	1	1	0
3	轻型盔甲(男)	0	1	1	0
3	轻型盔甲(女)	0	1	1	0
3	中型盔甲(男)	0	1	1	0
3	中型盔甲(女)	0	1	1	0
3	重盔甲(男)	0	1	1	0
3	重盔甲(女)	0	1	1	0
3	魔法长袍(男)	0	1	1	0
3	魔法长袍(女)	0	1	1	0
3	灵魂战衣(男)	0	1	1	0
3	灵魂战衣(女)	0	1	1	0
3	战神盔甲(男)	0	1	1	0
3	战神盔甲(女)	0	1	1	0
3	恶魔长袍(女)	0	1	1	0
3	恶魔长袍(男)	0	1	1	0
3	幽灵战衣(女)	0	1	1	0
3	幽灵战衣(男)	0	1	1	0
3	天魔神甲	0	1	1	0
3	圣战宝甲	0	1	1	0
3	法神披风	0	1	1	0
3	霓裳羽衣	0	1	1	0
3	天尊道袍	0	1	1	0
3	天师长袍	0	1	1	0
5	青铜头盔	0	1	1	0
5	骷髅头盔	0	1	1	0
5	魔法头盔	0	1	1	0
5	道士头盔	0	1	1	0
5	祈福项链	0	1	1	0
5	探测项链	0	1	1	0
5	金项链	0	1	1	0
5	传统项链	0	1	1	0
5	白金项链	0	1	1	0
5	白色虎齿项链	0	1	1	0
5	躲避手链	0	1	1	0
5	黑檀项链	0	1	1	0
5	黄色水晶项链	0	1	1	0
5	黑色水晶项链	0	1	1	0
5	技巧项链	0	1	1	0
5	魔鬼项链	0	1	1	0
5	琥珀项链	0	1	1	0
5	凤凰明珠	0	1	1	0
5	灯笼项链	0	1	1	0
5	蓝翡翠项链	0	1	1	0
5	竹笛	0	1	1	0
5	放大镜	0	1	1	0
5	铁手镯	0	1	1	0
5	小手镯	0	1	1	0
5	银手镯	0	1	1	0
5	皮制手套	0	1	1	0
5	钢手镯	0	1	1	0
5	大手镯	0	1	1	0
5	夏普儿手镯	0	1	1	0
5	坚固手套	0	1	1	0
5	魔法手镯	0	1	1	0
5	道士手镯	0	1	1	0
5	黑檀手镯	0	1	1	0
5	避邪手镯	0	1	1	0
5	魔力手镯	0	1	1	0
5	死神手套	0	1	1	0
5	金手镯	0	1	1	0
5	求婚戒指	0	1	1	0
5	古铜戒指	0	1	1	0
5	六角戒指	0	1	1	0
5	玻璃戒指	0	1	1	0
5	牛角戒指	0	1	1	0
5	生铁戒指	0	1	1	0
5	隐身戒指	0	1	1	0
5	传送戒指	0	1	1	0
5	麻痹戒指	0	1	1	0
5	复活戒指	0	1	1	0
5	火焰戒指	0	1	1	0
5	防御戒指	0	1	1	0
5	护身戒指	0	1	1	0
5	超负载戒指	0	1	1	0
5	蓝色水晶戒指	0	1	1	0
5	黑色水晶戒指	0	1	1	0
5	蛇眼戒指	0	1	1	0
5	珍珠戒指	0	1	1	0
5	金戒指	0	1	1	0
5	魅力戒指	0	1	1	0
5	道德戒指	0	1	1	0
5	降妖除魔戒指	0	1	1	0
5	珊瑚戒指	0	1	1	0
5	骷髅戒指	0	1	1	0
2	灰色药粉(少量)	0	1	1	0
2	黄色药粉(少量)	0	1	1	0
2	灰色药粉(中量)	0	1	1	0
2	黄色药粉(中量)	0	1	1	0
2	黄色药粉(大量)	0	1	1	0
2	灰色药粉(大量)	0	1	1	0
2	护身符	0	1	1	0
2	护身符(大)	0	1	1	0
2	超级灰色药粉	0	1	1	0
2	超级黄色药粉	0	1	1	0
2	超级护身符	0	1	1	0
7	蜡烛	0	1	1	0
7	火把	0	1	1	0
7	火炬	0	1	1	0
5	精灵头盔	0	1	1	0
7	荣誉勋章11号	0	1	1	0
7	荣誉勋章12号	0	1	1	0
7	荣誉勋章13号	0	1	1	0
7	荣誉勋章14号	0	1	1	0
7	荣誉勋章15号	0	1	1	0
7	荣誉勋章21号	0	1	1	0
7	荣誉勋章22号	0	1	1	0
7	荣誉勋章23号	0	1	1	0
7	荣誉勋章24号	0	1	1	0
7	荣誉勋章25号	0	1	1	0
7	荣誉勋章31号	0	1	1	0
7	荣誉勋章32号	0	1	1	0
7	荣誉勋章33号	0	1	1	0
7	荣誉勋章34号	0	1	1	0
7	荣誉勋章35号	0	1	1	0
7	荣誉勋章41号	0	1	1	0
7	荣誉勋章42号	0	1	1	0
7	荣誉勋章43号	0	1	1	0
7	荣誉勋章44号	0	1	1	0
7	荣誉勋章45号	0	1	1	0
1	筹码包	0	1	1	0
1	回城卷包	0	1	1	0
1	地牢逃脱卷包	0	1	1	0
1	随机传送卷包	0	1	1	0
1	行会回城卷包	0	1	1	0
1	金创药(小)包	0	1	1	0
1	魔法药(小)包	0	1	1	0
1	金创药(中)包	0	1	1	0
1	魔法药(中)包	0	1	1	0
1	超级金创药	0	1	1	0
1	超级魔法药	0	1	1	0
1	庆典蛋糕	0	1	1	0
1	金条	0	1	1	0
1	金砖	0	1	1	0
1	金盒	0	1	1	0
1	反璞归真	0	1	1	0
1	个性发型	0	1	1	0
1	双倍卷轴	0	1	1	0
1	双倍宝典(小)	0	1	1	0
1	双倍宝典(中)	0	1	1	0
1	双倍宝典(大)	0	1	1	0
2	一心一意	0	1	1	0
2	心心相印	0	1	1	0
2	飞火流星	0	1	1	0
2	浪漫星雨	0	1	1	0
2	绮梦幻想	0	1	1	0
2	长空火舞	0	1	1	0
2	如雾似梦	0	1	1	0
1	一心一意包	0	1	1	0
1	心心相印包	0	1	1	0
1	飞火流星包	0	1	1	0
1	浪漫星雨包	0	1	1	0
1	绮梦幻想包	0	1	1	0
1	长空火舞包	0	1	1	0
1	如雾似梦包	0	1	1	0
1	肉	0	1	1	0
1	鸡肉	0	1	1	0
1	血剑碎片	0	1	1	0
1	蛆卵	0	1	1	0
1	薄荷叶	0	1	1	0
1	食人树叶	0	1	1	0
1	毒蜘蛛牙齿	0	1	1	0
1	蝎子尾巴	0	1	1	0
1	食人树果实	0	1	1	0
1	铜矿	0	1	1	0
1	铁矿	0	1	1	0
1	银矿	0	1	1	0
1	金矿	0	1	1	0
1	黑铁矿石	0	1	1	0
1	绿宝石矿	0	1	1	0
1	紫水晶矿	0	1	1	0
1	沃玛号角	0	1	1	0
1	祖玛头像	0	1	1	0
1	玉水晶	0	1	1	0
1	红蛇果	0	1	1	0
1	勋章之心	0	1	1	0
1	骰子	0	1	1	0
1	木料	0	1	1	0
1	佛牌	0	1	1	0
1	筹码	0	1	1	0
1	幻境凭证	0	1	1	0
1	赤月恶魔油	0	1	1	0
1	药剂师的信	0	1	1	0
5	狂风戒指	0	1	1	0
5	狂风项链	0	1	1	0
5	神秘头盔	0	1	1	0
5	神秘戒指	0	1	1	0
5	神秘腰带	0	1	1	0
5	祈祷头盔	0	1	1	0
5	祈祷项链	0	1	1	0
5	祈祷手镯	0	1	1	0
5	祈祷戒指	0	1	1	0
5	记忆头盔	0	1	1	0
5	记忆项链	0	1	1	0
5	记忆手镯	0	1	1	0
5	记忆戒指	0	1	1	0
5	幽灵项链	0	1	1	0
5	幽灵手套	0	1	1	0
5	龙之戒指	0	1	1	0
5	生命项链	0	1	1	0
5	思贝儿手镯	0	1	1	0
5	红宝石戒指	0	1	1	0
5	天珠项链	0	1	1	0
5	心灵手镯	0	1	1	0
5	铂金戒指	0	1	1	0
5	黑铁头盔	0	1	1	0
5	绿色项链	0	1	1	0
5	骑士手镯	0	1	1	0
5	阎罗手套	0	1	1	0
5	力量戒指	0	1	1	0
5	恶魔铃铛	0	1	1	0
5	龙之手镯	0	1	1	0
5	紫碧螺	0	1	1	0
5	灵魂项链	0	1	1	0
5	三眼手镯	0	1	1	0
5	泰坦戒指	0	1	1	0
5	魔血项链	0	1	1	0
5	魔血手镯	0	1	1	0
5	魔血戒指	0	1	1	0
5	虹魔项链	0	1	1	0
5	虹魔手镯	0	1	1	0
5	虹魔戒指	0	1	1	0
5	圣战头盔	0	1	1	0
5	圣战项链	0	1	1	0
5	圣战手镯	0	1	1	0
5	圣战戒指	0	1	1	0
5	法神头盔	0	1	1	0
5	法神项链	0	1	1	0
5	法神手镯	0	1	1	0
5	法神戒指	0	1	1	0
5	天尊头盔	0	1	1	0
5	天尊项链	0	1	1	0
5	天尊手镯	0	1	1	0
5	天尊戒指	0	1	1	0
2	火龙之心	0	1	1	0
1	破魂斩	0	1	1	0
1	劈星斩	0	1	1	0
1	雷霆一击	0	1	1	0
1	噬魂沼泽	0	1	1	0
1	末日审判	0	1	1	0
1	火龙气焰	0	1	1	0
1	金币	0	1	1	0
