;代码	座标x	座标y	怪物名称	范围	数量	时间(m)	优先(%)）

;圣诞节狂欢
;--------------------------------------------------
;0      333    281      雪球2      100      3       30
;0      345    273      雪球3      100      3       30
;0      312    258      雪球4      100      3       30
;0      295    608      雪球3      100      3       30
;0      298    615      圣诞驯鹿    50      1       60
;0      634    612      雪球3      100      5       30
;3      332    330      圣诞驯鹿    50      1       60
;3      326    334      雪球2      100      3       30
;3      332    346      雪球3      100      3       30
;3      342    328      雪球4      100      3       30
;3      333    333      雪球       50       1       60
;4      249    190      雪球2      100      1       30
;4      247    208      雪球3      100      3       30
;4      231    192      雪球4      100      1       30
;5      122    338      雪球3      100      5       30
;12     176    320      雪球3      100      5       30

;特殊怪物
;--------------------------------------------------
0111	9	13	练功师		0	1	5
1002	13	14	虎卫		8	1	240
12	175	250	鹰卫		150	1	240

;弓箭护卫
比齐城
;--------------------------------------------------
;城东
0	374	291	弓箭护卫	0	1	5
0	362	301	弓箭护卫	0	1	5
0	355	280	弓箭护卫	0	1	5
;城西
0	300	207	弓箭护卫	0	1	5
0	310	227	弓箭护卫	0	1	5
0	313	230	弓箭护卫	0	1	5
0	318	244	弓箭护卫	0	1	5
;城南
0	309	286	弓箭护卫	0	1	5
0	329	289	弓箭护卫	0	1	5
;城中（备用）
;0	301	319	弓箭护卫	0	1	5
;0	321	257	弓箭护卫	0	1	5
;0	334	272	弓箭护卫	0	1	5
;0	335	309	弓箭护卫	0	1	5

;比奇森林（毒蛇山谷）
;--------------------------------------------------
0	665	86	弓箭护卫	0	1	5
0	672	93	弓箭护卫	0	1	5
	
;比奇森林（沃玛森林）
;--------------------------------------------------
0	327	42	弓箭护卫	0	1	5
0	320	36	弓箭护卫	0	1	5

;比奇森林（桥边）
;--------------------------------------------------
;东
0	367	487	弓箭护卫	0	1	5
0	368	488	弓箭护卫	0	1	5
;西
0	340	513	弓箭护卫	0	1	5
0	341	514	弓箭护卫	0	1	5

;沃玛森林（比奇省）
;--------------------------------------------------
1	555	544	弓箭护卫	0	1	5
1	566	544	弓箭护卫	0	1	5

;沃玛森林（白日门）
;--------------------------------------------------
1	46	39	弓箭护卫	0	1	5
1	52	33	弓箭护卫	0	1	5

;沃玛森林（封魔谷）
;--------------------------------------------------
1	51	165	弓箭护卫	0	1	5
1	51	172	弓箭护卫	0	1	5

;毒蛇山谷（比奇省）
;--------------------------------------------------
2	416	559	弓箭护卫	0	1	5
2	417	558	弓箭护卫	0	1	5
2	423	566	弓箭护卫	0	1	5
2	424	565	弓箭护卫	0	1	5

;毒蛇山谷（盟重省）
;--------------------------------------------------
;东
2	552	80	弓箭护卫	0	1	5
2	560	88	弓箭护卫	0	1	5
;西
2	292	60	弓箭护卫	0	1	5
2	298	65	弓箭护卫	0	1	5

;毒蛇村
;--------------------------------------------------
2	510	479	弓箭护卫	0	1	5
;备用
;2	508	492	弓箭护卫	0	1	5

;山谷矿区
;--------------------------------------------------
D422	328	384	弓箭护卫	0	1	5
D422	332	380	弓箭护卫	0	1	5

;盟重省（毒蛇山谷）
;--------------------------------------------------
;东
3	512	770	弓箭护卫	0	1	5
3	519	777	弓箭护卫	0	1	5
;西
3	273	743	弓箭护卫	0	1	5
3	272	744	弓箭护卫	0	1	5

;盟重土城
;--------------------------------------------------
;仓库
3	302	370	弓箭护卫	0	1	5
;石墓
3	296	334	弓箭护卫	0	1	5
3	302	340	弓箭护卫	0	1	5
;首饰店
3	288	305	弓箭护卫	0	1	5
3	303	302	弓箭护卫	0	1	5
3	305	290	弓箭护卫	0	1	5
;武器店
3	325	311	弓箭护卫	0	1	5
3	336	321	弓箭护卫	0	1	5
3	342	313	弓箭护卫	0	1	5
;杂货店
3	348	332	弓箭护卫	0	1	5

;地牢一层东
;--------------------------------------------------
D601	7	201	弓箭护卫	0	1	5
D601	13	196	弓箭护卫	0	1	5

;连接通道
;--------------------------------------------------
E601	139	13	弓箭护卫	0	1	5
E601	138	12	弓箭护卫	0	1	5

;连接通道
;--------------------------------------------------
E605	10	61	弓箭护卫	0	1	5
E605	15	68	弓箭护卫	0	1	5

;封魔谷
;--------------------------------------------------
4	443	184	恶魔弓箭手	0	1	5
4	443	192	恶魔弓箭手	0	1	5

4	247	232	恶魔弓箭手	0	1	5
4	248	233	恶魔弓箭手	0	1	5
4	249	234	恶魔弓箭手	0	1	5
4	250	235	恶魔弓箭手	0	1	5
4	251	236	恶魔弓箭手	0	1	5

4	252	227	恶魔弓箭手	0	1	5
4	253	228	恶魔弓箭手	0	1	5
4	254	229	恶魔弓箭手	0	1	5
4	255	230	恶魔弓箭手	0	1	5
4	256	231	恶魔弓箭手	0	1	5

4	249	187	恶魔弓箭手	0	1	5
4	250	186	恶魔弓箭手	0	1	5
4	251	185	恶魔弓箭手	0	1	5
4	252	184	恶魔弓箭手	0	1	5
4	253	183	恶魔弓箭手	0	1	5

4	253	190	恶魔弓箭手	0	1	5
4	254	189	恶魔弓箭手	0	1	5
4	255	188	恶魔弓箭手	0	1	5
4	256	187	恶魔弓箭手	0	1	5
4	257	186	恶魔弓箭手	0	1	5

4	215	190	恶魔弓箭手	0	1	5
4	254	189	恶魔弓箭手	0	1	5

;苍月岛
;--------------------------------------------------
5	122	334	弓箭护卫	0	1	5
5	131	301	弓箭护卫	0	1	5
5	136	336	弓箭护卫	0	1	5
5	140	362	弓箭护卫	0	1	5
5	143	324	弓箭护卫	0	1	5

;白日门（沃玛森林）
;--------------------------------------------------
11	43	480	弓箭护卫	0	1	5
11	49	474	弓箭护卫	0	1	5

;白日门（赤月峡谷）
;--------------------------------------------------
11	355	246	弓箭护卫	0	1	5
11	357	243	弓箭护卫	0	1	5

;赤月峡谷（白日门）
;--------------------------------------------------
12	320	474	弓箭护卫	0	1	5
12	327	468	弓箭护卫	0	1	5


;比奇省
;--------------------------------------------------
;比奇省西北（0-233,0-233）
;--------------------------------------------------
0	65	185	毒蜘蛛		30	15	5
0	110	60	稻草人		70	15	5
0	110	80	多钩猫		60	15	5
0	120	200	食人花		60	15	5
0	140	100	钉耙猫		50	15	5
0	150	130	多钩猫		50	15	8
0	210	185	鹿		45	15	5
0	220	60	稻草人		60	15	8
0	225	20	蛤蟆		20	15	5

;比奇省正西（0-233,233-466）
;--------------------------------------------------
0	60	300	毒蜘蛛		60	25	8
0	90	240	半兽人		60	25	5
0	110	425	森林雪人	70	25	8
0	110	440	半兽人		70	20	8
0	180	420	多钩猫0		50	20	6
0	180	420	钉耙猫0		50	20	6
0	200	400	稻草人0		50	20	6
0	205	325	鹿		50	20	5

;比奇省西南（0-233,466-699）
;--------------------------------------------------
0	130	510	食人花		70	20	9
0	140	500	半兽人		50	20	7
0	165	550	森林雪人	60	20	7
0	220	470	半兽人		70	20	7

;比奇省正北（233-466,0-233）
;--------------------------------------------------
0	265	125	鹿		45	25	5
0	310	95	鹿		45	25	8
0	340	80	蛤蟆		20	25	8
0	350	200	鸡		25	25	5
0	420	95	半兽人		50	30	9

;比奇省正中（233-466,233-466）
;--------------------------------------------------
0	260	380	鹿		50	20	5
0		280	260	鸡		25	20	5
0	280	380	蛤蟆		20	20	5
0	300	410	蛤蟆		50	20	6
0	340	310	鸡		25	25	5
0	395	420	蛤蟆		40	20	5
0	395	420	蛤蟆0		40	2	20
0	405	240	鸡		25	25	5
0	420	380	鹿		45	20	5

;比奇省正南（233-466,466-699）
;--------------------------------------------------
0	247	565	鹿		50	20	5
0	270	625	鹿		60	30	5
0	270	625	稻草人0		60	20	5
0	295	625	鸡		50	35	5
0	330	530	稻草人0		40	20	5
0	340	550	钉耙猫0		50	20	5
0	340	550	多钩猫0		50	20	5
0	340	550	鹿		50	20	5
0	405	515	蛤蟆		30	20	5

;比奇省东北（466-699,0-233）
;--------------------------------------------------
0	560	200	半兽人		90	25	8
0	570	120	毒蜘蛛		80	25	8
0	615	110	毒蜘蛛		50	20	8

;比奇省正东（466-699,233-466）
;--------------------------------------------------
0	470	330	鹿		45	20	5
0	480	450	半兽人		60	20	8
0	500	400	稻草人0		50	20	5
0	510	410	多钩猫0		50	20	5
0	510	410	钉耙猫0		50	20	5
0	560	320	半兽人		90	20	8
0	600	400	半兽人		80	20	8
0	600	400	森林雪人	70	20	8
0	610	405	食人花		60	20	10
0	620	370	毒蜘蛛		60	30	10
0	650	420	毒蜘蛛		30	20	10

;比奇省东南（466-699,466-699）
;--------------------------------------------------
0	475	500	食人花		90	20	8
0	540	530	稻草人0		70	20	5
0	550	550	鹿		70	30	5
0	570	610	鹿		50	20	5
0	600	580	鹿		40	20	5
0	640	520	多钩猫0		50	20	5
0	640	520	钉耙猫0		50	20	5
0	640	530	稻草人0		50	20	5
0	645	625	鸡		40	20	8
0	663	661	鸡		20	20	5

;兽人古墓一层
;--------------------------------------------------
D001	30	30	山洞蝙蝠	50	15	10
D001	190	125	蝎子		30	15	10
D001	250	90	山洞蝙蝠	30	15	10
D001	250	260	骷髅		30	15	10
D001	200	200	洞蛆		200	20	8
D001	200	200	蝎子		200	20	8
D001	200	200	骷髅		200	20	8
D001	200	200	骷髅0		200	2	20
D001	200	200	骷髅战士	200	20	8
D001	200	200	山洞蝙蝠	200	15	8
D001	200	200	山洞蝙蝠	200	15	8
D001	200	200	骷髅战士	200	20	20
D001	200	200	骷髅战士0	200	2	20
D001	200	200	骷髅精灵	200	1	120

;兽人古墓二层
;--------------------------------------------------
D002	200	200	洞蛆		200	25	8
D002	200	200	骷髅		200	25	8
D002	200	200	骷髅		200	25	20
D002	200	200	骷髅0		200	2	20
D002	200	200	山洞蝙蝠	200	20	8	50
D002	200	200	山洞蝙蝠	200	20	20
D002	200	200	掷斧骷髅	200	25	8
D002	200	200	掷斧骷髅	200	20	20
D002	200	200	掷斧骷髅0	200	2	20
D002	200	200	骷髅战士	200	25	8
D002	200	200	骷髅战士	200	25	20
D002	200	200	骷髅战士0	200	2	20
D002	200	200	骷髅战将	200	25	8
D002	200	200	骷髅战将	200	25	20
D002	200	200	骷髅战将	200	2	20
D002	200	200	骷髅精灵	200	1	120

;兽人古墓三层
;--------------------------------------------------
D003	200	200	洞蛆		200	25	8
D003	200	200	骷髅		200	25	8
D003	200	200	骷髅		200	25	20
D003	200	200	山洞蝙蝠	200	15	8	50
D003	200	200	山洞蝙蝠	200	20	20
D003	200	200	山洞蝙蝠0	200	1	10
D003	200	200	掷斧骷髅	200	25	8
D003	200	200	掷斧骷髅	200	25	20
D003	200	200	骷髅战士	200	25	8
D003	200	200	骷髅战士	200	25	20
D003	200	200	骷髅战将	200	25	8
D003	200	200	骷髅战将	200	25	20
D003	200	200	骷髅战将0	200	2	20
D003	200	200	骷髅精灵	200	2	120
D003	200	200	骷髅精灵2	200	1	240

;洞穴一层
;--------------------------------------------------
D011	200	200	蝎子		200	25	8
D011	200	200	洞蛆		200	25	8
D011	200	200	骷髅		200	25	8
D011	200	200	骷髅		200	25	20
D011	200	200	山洞蝙蝠	200	25	8	100
D011	200	200	山洞蝙蝠	200	25	20	100
D011	200	200	山洞蝙蝠0	200	1	10
D011	200	200	骷髅战士	200	25	8
D011	200	200	骷髅战士	200	25	20
D011	200	200	骷髅战士0	200	2	20
D011	200	200	骷髅战将	200	2	120

;洞穴二层
;--------------------------------------------------
D012	200	200	蝎子		200	30	8
D012	200	200	洞蛆		200	30	8
D012	200	200	骷髅		200	30	8
D012	200	200	骷髅		200	30	20
D012	200	200	山洞蝙蝠	200	10	8
D012	200	200	山洞蝙蝠	200	15	8	100
D012	200	200	山洞蝙蝠	200	20	20	100
D012	200	200	山洞蝙蝠0	200	2	20
D012	200	200	掷斧骷髅	200	25	8
D012	200	200	掷斧骷髅	200	30	20
D012	200	200	骷髅战士	200	25	8
D012	200	200	骷髅战士	200	30	20
D012	200	200	骷髅战士0	200	2	20
D012	200	200	骷髅战将	200	25	8
D012	200	200	骷髅战将	200	30	20
D012	200	200	骷髅战将0	200	2	20
D012	200	200	骷髅精灵	200	2	120

;沃玛自然洞穴
;--------------------------------------------------
E001	50	50	洞蛆		50	15	25
E001	50	50	骷髅战士	50	15	25
E001	50	50	掷斧骷髅	50	15	25
E001	50	50	骷髅战将	50	15	25
E001	50	50	骷髅		50	12	25
E001	50	50	山洞蝙蝠	50	15	15
E001	50	50	骷髅战士0	50	1	120
E001	50	50	骷髅0		50	1	120

;沃玛自然洞穴
;--------------------------------------------------
E002	50	50	洞蛆		50	15	25
E002	50	50	骷髅战士	50	15	25
E002	50	50	掷斧骷髅	50	15	25
E002	50	50	骷髅战将	50	15	25
E002	50	50	骷髅		10	15	25
E002	50	50	山洞蝙蝠	50	15	25
E002	50	50	骷髅战士0	50	1	120
E002	50	50	骷髅0		50	1	120

;兽人古墓连接通道
;--------------------------------------------------
E401	50	50	洞蛆		50	5	25
E401	50	50	骷髅		50	2	25
E401	50	50	山洞蝙蝠	50	5	25
E401	50	50	骷髅战士	50	5	25
E401	50	50	掷斧骷髅	50	10	25
E401	50	50	骷髅战将	50	10	25
E401	50	50	骷髅战士0	50	1	120
E401	50	50	骷髅战将0	50	1	120

;兽人古墓连接通道
;--------------------------------------------------
E402	50	50	洞蛆		50	10	25
E402	50	50	骷髅		50	15	25
E402	50	50	僵尸1		50	10	25
E402	50	50	僵尸2		50	8	25
E402	50	50	僵尸3		50	8	25
E402	50	50	僵尸4		50	8	25
E402	50	50	僵尸5		50	8	25
E402	50	50	山洞蝙蝠	50	10	25
E402	50	50	骷髅战士	50	15	25
E402	50	50	掷斧骷髅	50	10	25
E402	50	50	骷髅战将	50	15	25
E402	50	50	僵尸10		50	1	120
E402	50	50	骷髅战将0	50	1	120

;兽人古墓连接通道
;--------------------------------------------------
E403	50	50	洞蛆		50	4	25
E403	50	50	骷髅		50	6	25
E403	50	50	僵尸1		50	15	25
E403	50	50	僵尸2		50	10	25
E403	50	50	僵尸3		50	10	25
E403	50	50	僵尸4		50	10	25
E403	50	50	僵尸5		50	10	25
E403	50	50	山洞蝙蝠	50	4	25
E403	50	50	骷髅战士	50	10	25
E403	50	50	掷斧骷髅	50	4	25
E403	50	50	骷髅战将	50	10	25
E403	50	50	僵尸10		50	1	120
E403	50	50	骷髅战将0	50	1	120

;比奇矿区（废矿入口）
;--------------------------------------------------
D401	100	100	洞蛆		100	25	10
D401	100	100	僵尸2		100	30	10
D401	100	100	僵尸3		100	30	10
D401	100	100	僵尸20		100	1	60
D401	100	100	僵尸30		100	1	60

;比奇矿区（废矿区东部）
;--------------------------------------------------
D402	100	100	洞蛆		100	25	8
D402	100	100	僵尸2		100	30	8
D402	100	100	僵尸3		100	30	8
D402	100	100	僵尸20		100	1	60
D402	100	100	僵尸30		100	1	60

;比奇矿区（矿区一层）
;--------------------------------------------------
D403	100	100	僵尸2		100	30	8
D403	100	100	僵尸3		100	30	8
D403	100	100	僵尸5		100	30	8
D403	100	100	僵尸20		100	1	60
D403	100	100	僵尸30		100	1	60
D403	100	100	僵尸50		100	1	60

;比奇矿区（矿区B二层）
;--------------------------------------------------
D404	100	100	僵尸1		100	30	8
D404	100	100	僵尸3		100	30	8
D404	100	100	僵尸4		100	30	8
D404	100	100	尸王		100	1	120
D404	100	100	僵尸10		100	1	60
D404	100	100	僵尸30		100	1	60
D404	100	100	僵尸40		100	1	60
D404	100	100	尸王2		100	1	180

;比奇矿区（矿物回收站）
;--------------------------------------------------
D405	100	100	僵尸1		100	25	8
D405	100	100	僵尸4		100	30	8
D405	100	100	僵尸5		100	35	8
D405	100	100	尸王		100	1	120
D405	100	100	僵尸10		100	1	60
D405	100	100	僵尸40		100	1	60
D405	100	100	僵尸50		100	1	60
D405	100	100	尸王2		100	1	180

;比奇矿区（废矿区南部）
;--------------------------------------------------
D406	100	100	僵尸1		100	20	8
D406	100	100	僵尸2		100	20	8
D406	100	100	僵尸4		100	35	8
D406	100	100	僵尸5		100	35	8
D406	100	100	尸王		100	1	120
D406	100	100	僵尸10		100	1	60
D406	100	100	僵尸20		100	1	60
D406	100	100	僵尸40		100	1	60
D406	100	100	僵尸50		100	1	60
D406	100	100	尸王2		100	1	180

;比奇矿区（废矿区南部）
;--------------------------------------------------
D411	50	50	僵尸2		50	30	9
D411	50	50	僵尸20		50	1	60

;比奇矿区（桥）
;--------------------------------------------------
D412	50	50	僵尸4		50	30	9
D412	50	50	僵尸40		50	1	60

;比奇矿区（矿区A一层）
;--------------------------------------------------
D413	50	50	僵尸3		50	30	9
D413	50	50	僵尸30		50	1	60

;比奇矿区（矿区C一层）
;--------------------------------------------------

;比奇矿区（桥）
;--------------------------------------------------
D415	50	50	僵尸5		50	30	9
D415	50	50	僵尸50		50	1	60

;比奇矿区（桥）
;--------------------------------------------------
D416	50	50	僵尸5		50	30	9
D416	50	50	僵尸50		50	1	60

;沃玛森林
;--------------------------------------------------
;沃玛森林西北（0-299,0-299）
1	250	250	食人花		250	15	8
1	250	250	钉耙猫0		250	10	40
1	250	250	多钩猫0		250	10	40
1	250	230	半兽人		230	20	8
1	250	250	半兽人0		250	10	40
1	145	60	森林雪人	80	20	8
1	145	60	森林雪人	80	20	8
1	250	230	森林雪人	230	20	8
1	250	250	森林雪人0	15	10	40
1	250	230	半兽战士	230	25	8
1	250	250	半兽战士0	250	10	40
1	250	230	半兽勇士	230	2	120

;沃玛森林西南（0-299,300-599）
;--------------------------------------------------
1	219	381	半兽人		100	20	8
1	219	381	半兽战士	100	20	8
1	219	381	森林雪人	100	20	8
1	238	511	毒蜘蛛		80	20	8

;沃玛森林东北（300-599,0-299）
;--------------------------------------------------
1	302	164	半兽人		150	20	8
1	302	164	森林雪人	150	20	8
1	302	164	半兽战士	150	20	8
1	302	164	半兽勇士	150	2	120

;沃玛森林东南（300-599,300-599）
;--------------------------------------------------
1	497	465	钉耙猫		50	20	8
1	497	445	多钩猫		50	20	8
1	352	382	半兽人		100	20	8
1	352	382	半兽战士	100	20	8
1	352	382	半兽勇士	100	2	120

;沃玛寺庙入口
;--------------------------------------------------
D021	50	44	洞蛆		60	15	5
D021	50	44	山洞蝙蝠	60	15	5
D021	50	44	山洞蝙蝠0	60	2	30

;沃玛寺庙一层
;--------------------------------------------------
D022	250	250	粪虫		250	30	10
D022	250	250	沃玛战士	250	40	10
D022	250	250	沃玛勇士	250	40	10
D022	250	250	沃玛战将	250	40	10
D022	250	250	火焰沃玛	250	40	10
D022	250	250	沃玛卫士	250	2	120
D022	250	250	山洞蝙蝠0	250	2	20
D022	250	250	沃玛战士0	250	2	20
D022	250	250	沃玛勇士0	250	2	20
D022	250	250	沃玛战将0	250	2	20
D022	250	250	火焰沃玛0	250	2	20

;沃玛寺庙二层
;--------------------------------------------------
D023	200	200	粪虫		200	30	10
D023	200	200	山洞蝙蝠	200	20	10	100
D023	200	200	暗黑战士	200	40	10
D023	200	200	沃玛战士	200	40	10
D023	200	200	沃玛勇士	200	40	10
D023	200	200	沃玛战将	200	40	10
D023	200	200	火焰沃玛	200	40	10
D023	200	200	沃玛卫士	200	2	120
D023	200	200	粪虫0		200	1	240
D023	200	200	山洞蝙蝠0	200	2	20
D023	200	200	暗黑战士0	200	2	20
D023	200	200	沃玛战士0	200	2	20
D023	200	200	沃玛勇士0	200	2	20
D023	200	200	沃玛战将0	200	2	20
D023	200	200	火焰沃玛0	200	2	20
D023	200	200	山洞蝙蝠0	200	2	20

;沃玛寺庙三层（教主大厅）
;--------------------------------------------------
D024	40	40	暗黑战士	20	3	5	50
D024	40	40	沃玛勇士	20	3	5	50
D024	40	40	沃玛战将	20	3	5	50
D024	40	40	火焰沃玛	20	3	5	50

D024	50	50	暗黑战士	20	3	5	50
D024	50	50	沃玛战将	20	3	5	50
D024	50	50	火焰沃玛	20	3	5	50

D024	60	60	暗黑战士	20	3	5	50
D024	60	60	沃玛勇士	20	3	5	50
D024	60	60	沃玛战将	20	3	5	50
D024	60	60	火焰沃玛	20	3	5	50

D024	40	50	暗黑战士	20	3	5
D024	40	50	沃玛勇士	20	3	5
D024	40	50	沃玛战将	20	3	5
D024	40	50	火焰沃玛	20	3	5

D024	50	40	暗黑战士	20	3	5
D024	50	40	沃玛勇士	20	3	5
D024	50	40	沃玛战将	20	3	5
D024	50	40	火焰沃玛	20	3	5

D024	60	50	暗黑战士	20	3	5
D024	60	50	沃玛勇士	20	3	5
D024	60	50	沃玛战将	20	3	5
D024	60	50	火焰沃玛	20	3	5

D024	50	60	暗黑战士	20	3	5
D024	50	60	沃玛勇士	20	3	5
D024	50	60	沃玛战将	20	3	5
D024	50	60	火焰沃玛	20	3	5

D024	83	84	暗黑战士	7	5	5
D024	83	84	沃玛战士	7	5	5
D024	83	84	沃玛勇士	7	5	5
D024	83	84	火焰沃玛	7	5	5

D024	20	21	暗黑战士	7	5	5
D024	20	21	沃玛勇士	7	5	5
D024	20	21	沃玛战将	7	5	5
D024	20	21	火焰沃玛	7	5	5

D024	50	50	沃玛教主	20	1	120
D024	50	50	沃玛卫士	30	2	120

D024	42	49	暗黑战士0	30	1	30
D024	42	49	沃玛勇士0	30	1	30
D024	42	49	沃玛战将0	30	1	30
D024	42	49	火焰沃玛0	30	1	30

;毒蛇山谷
;--------------------------------------------------
2	300	400	红蛇		200	50	5
2	300	400	红蛇		200	50	20
2	300	400	虎蛇		200	50	5
2	300	400	虎蛇		200	50	20
2	300	400	多钩猫		200	30	20
2	300	400	钉耙猫		200	30	20
2	300	400	毒蜘蛛		200	10	10
2	300	400	半兽人		200	30	5
2	300	400	半兽人		200	30	20
2	300	400	红蛇0		200	3	30
2	300	400	虎蛇0		200	3	30
2	300	400	多钩猫0		200	3	30
2	300	400	钉耙猫0		200	3	30
2	300	400	半兽人0		200	3	30

;山谷矿区
;--------------------------------------------------
D421	200	200	僵尸2		180	35	8
D421	200	200	僵尸3		180	35	8
D421	200	200	僵尸4		180	35	8
D421	100	100	尸王		100	1	120
D421	200	200	僵尸20		180	1	60
D421	200	200	僵尸30		180	1	60
D421	200	200	僵尸40		180	1	60
D421	100	100	尸王2		100	1	180

;山谷矿区
;--------------------------------------------------
D422	200	200	僵尸1		180	35	8
D422	200	200	僵尸2		180	35	8
D422	200	200	僵尸4		180	35	8
D422	200	200	僵尸5		180	35	8
D422	100	100	尸王		100	1	120
D422	200	200	僵尸10		180	1	60
D422	200	200	僵尸20		180	1	60
D422	200	200	僵尸40		180	1	60
D422	200	200	僵尸50		180	1	60
D422	100	100	尸王2		100	1	180

;山谷矿区连接通道
;--------------------------------------------------
E601	75	75	僵尸1		75	20	23
E601	75	75	僵尸2		75	20	23
E601	75	75	僵尸3		75	20	23
E601	75	75	僵尸4		75	20	23
E601	75	75	僵尸5		75	20	23
E601	75	75	僵尸10		75	1	120
E601	75	75	僵尸20		75	1	120
E601	75	75	僵尸30		75	1	120
E601	75	75	僵尸20		75	1	120
E601	75	75	僵尸50		75	1	120

;山谷矿区连接通道
;--------------------------------------------------
E602	75	75	僵尸1		75	20	23
E602	75	75	僵尸2		75	20	23
E602	75	75	僵尸3		75	20	23
E602	75	75	僵尸4		75	20	23
E602	75	75	僵尸5		75	20	23
E602	75	75	蜈蚣		75	20	23
E602	75	75	钳虫		75	20	23
E602	75	75	跳跳蜂		75	20	23
E602	75	75	黑色恶蛆	75	20	23
E602	75	75	僵尸10		75	1	120
E602	75	75	僵尸20		75	1	120
E602	75	75	蜈蚣0		75	1	120
E602	75	75	钳虫0		75	1	120
E602	75	75	跳跳蜂0		75	1	120

;山谷矿区连接通道
;--------------------------------------------------
E603	100	100	僵尸1		100	20	23
E603	100	100	僵尸2		100	20	23
E603	100	100	僵尸3		100	20	23
E603	100	100	僵尸4		100	20	23
E603	100	100	僵尸5		100	20	23
E603	100	100	蜈蚣		100	20	23
E603	100	100	钳虫		100	20	23
E603	100	100	跳跳蜂		100	20	23
E603	100	100	黑色恶蛆	100	20	23
E603	100	100	僵尸10		100	1	120
E603	100	100	僵尸20		100	1	120
E603	100	100	蜈蚣0		100	1	120
E603	100	100	钳虫0		100	1	120
E603	100	100	跳跳蜂0		100	1	120
E603	100	100	黑色恶蛆0	100	1	120

;山谷矿区连接通道
;--------------------------------------------------
E604	75	75	僵尸1		75	20	23
E604	75	75	僵尸2		75	20	23
E604	75	75	僵尸3		75	20	23
E604	75	75	僵尸4		75	20	23
E604	75	75	僵尸5		75	20	23
E604	75	75	蜈蚣		75	20	23
E604	75	75	跳跳蜂		75	20	23
E604	75	75	黑色恶蛆	75	20	23
E604	75	75	钳虫		75	20	23
E604	75	75	僵尸10		75	1	120
E604	75	75	僵尸20		75	1	120
E604	75	75	蜈蚣0		75	1	120
E604	75	75	钳虫0		75	1	120
E604	75	75	跳跳蜂0		75	1	120

;山谷矿区连接通道
;--------------------------------------------------
E605	50	50	蜈蚣		50	12	23
E605	50	50	钳虫		50	12	23
E605	50	50	黑色恶蛆	50	12	23
E605	50	50	跳跳蜂		50	12	23
E605	50	50	蜈蚣0		50	1	120
E605	50	50	钳虫0		50	1	120
E605	50	50	跳跳蜂0		50	1	120
E605	50	50	黑色恶蛆0	50	1	120

;盟重省
;--------------------------------------------------
;盟重省西北（0-499,0-399）
;--------------------------------------------------
3	100	390	威思而小虫	50	10	7
3	150	230	盔甲虫		100	20	7
3	160	250	猎鹰		80	10	7
3	320	150	盔甲虫		100	20	7
3	320	150	威思而小虫	30	10	7
3	380	290	羊		60	10	7
3	416	200	盔甲虫		70	10	7

;盟重省西南（0-499,400-799）
;--------------------------------------------------
3	130	590	狼		100	25	6
3	333	560	狼		120	25	6
3	333	560	虎蛇		150	25	6
3	380	410	羊		60	25	6
3	450	560	狼		120	25	6

;盟重省东北（500-999,0-399）
;--------------------------------------------------
3	500	125	猎鹰		40	15	7
3	500	140	多角虫		60	15	7
3	583	130	盔甲虫		70	15	7
3	666	115	多角虫		60	15	7
3	790	100	狼		50	15	6
3	880	70	狼		50	15	6
3	880	370	狼		100	25	6

;盟重省东南（500-599,400-799）
;--------------------------------------------------
3	710	500	盔甲虫		120	30	7
3	710	625	沙虫		50	15	7

;盟重省全地图
;--------------------------------------------------
3	500	140	虎蛇0		500	1	10
3	500	140	猎鹰0		500	1	10
3	500	140	盔甲虫0		500	1	10
3	500	140	多角虫0		500	1	10
3	500	140	巨型多角虫	500	2	60

;石墓一层
;--------------------------------------------------
D711	251	41	红野猪		30	8	10
D711	321	72	红野猪		30	8	10
D711	363	146	红野猪		30	7	10
D711	172	59	红野猪		30	7	10
D711	210	93	红野猪		30	7	10
D711	262	140	红野猪		30	7	10
D711	309	19	红野猪		30	7	10
D711	350	303	红野猪		30	7	10
D711	111	105	红野猪		30	7	10
D711	158	149	红野猪		30	7	10
D711	200	200	红野猪		30	7	10
D711	255	306	红野猪		30	7	10
D711	287	286	红野猪		30	7	10
D711	56	158	红野猪		30	7	10
D711	153	237	红野猪		30	7	10
D711	112	250	红野猪		30	7	10
D711	114	314	红野猪		30	7	10
D711	304	340	红野猪		30	7	10
D711	251	41	黑野猪		30	5	10
D711	321	72	黑野猪		30	5	10
D711	363	146	黑野猪		30	5	10
D711	172	59	黑野猪		30	5	10
D711	210	93	黑野猪		30	5	10
D711	262	140	黑野猪		30	5	10
D711	309	19	黑野猪		30	5	10
D711	350	303	黑野猪		30	5	10
D711	111	105	黑野猪		30	5	10
D711	158	149	黑野猪		30	5	10
D711	200	200	黑野猪		30	5	10
D711	255	306	黑野猪		30	5	10
D711	287	286	黑野猪		30	5	10
D711	56	158	黑野猪		30	5	10
D711	153	237	黑野猪		30	5	10
D711	112	250	黑野猪		30	5	10
D711	114	314	黑野猪		30	5	10
D711	304	340	黑野猪		30	5	10
D711	251	41	黑色恶蛆	30	8	10
D711	321	72	黑色恶蛆	30	8	10
D711	363	146	黑色恶蛆	30	8	10
D711	172	59	黑色恶蛆	30	8	10
D711	210	93	黑色恶蛆	30	8	10
D711	262	140	黑色恶蛆	30	8	10
D711	309	19	黑色恶蛆	30	8	10
D711	350	303	黑色恶蛆	30	8	10
D711	111	105	黑色恶蛆	30	8	10
D711	158	149	黑色恶蛆	30	8	10
D711	200	200	黑色恶蛆	30	8	10
D711	255	306	黑色恶蛆	30	8	10
D711	287	286	黑色恶蛆	30	8	10
D711	56	158	黑色恶蛆	30	8	10
D711	153	237	黑色恶蛆	30	8	10
D711	112	250	黑色恶蛆	30	8	10
D711	114	314	黑色恶蛆	30	8	10
D711	304	340	黑色恶蛆	30	8	10
D711	200	200	楔蛾		200	25	10
D711	200	200	红野猪0		200	1	30
D711	200	200	黑野猪0		200	1	30
D711	200	200	黑色恶蛆0	200	1	30

;石墓二层
;--------------------------------------------------
D712	251	41	红野猪		30	7	10
D712	321	72	红野猪		30	7	10
D712	363	146	红野猪		30	7	10
D712	172	59	红野猪		30	7	10
D712	210	93	红野猪		30	7	10
D712	262	140	红野猪		30	7	10
D712	309	19	红野猪		30	7	10
D712	350	303	红野猪		30	7	10
D712	111	105	红野猪		30	7	10
D712	158	149	红野猪		30	7	10
D712	200	200	红野猪		30	7	10
D712	255	306	红野猪		30	7	10
D712	287	286	红野猪		30	7	10
D712	56	158	红野猪		30	7	10
D712	153	237	红野猪		30	7	10
D712	112	250	红野猪		30	7	10
D712	114	314	红野猪		30	7	10
D712	304	340	红野猪		30	7	10
D712	251	41	黑野猪		30	5	10
D712	321	72	黑野猪		30	5	10
D712	363	146	黑野猪		30	5	10
D712	172	59	黑野猪		30	5	10
D712	210	93	黑野猪		30	5	10
D712	262	140	黑野猪		30	5	10
D712	309	19	黑野猪		30	5	10
D712	350	303	黑野猪		30	5	10
D712	111	105	黑野猪		30	5	10
D712	158	149	黑野猪		30	5	10
D712	200	200	黑野猪		30	5	10
D712	255	306	黑野猪		30	5	10
D712	287	286	黑野猪		30	5	10
D712	56	158	黑野猪		30	5	10
D712	153	237	黑野猪		30	5	10
D712	112	250	黑野猪		30	5	10
D712	114	314	黑野猪		30	5	10
D712	304	340	黑野猪		30	5	10
D712	100	100	黑野猪		100	1	5	50
D712	300	100	黑野猪		100	1	5	50
D712	100	300	黑野猪		100	1	5	50
D712	300	300	黑野猪		100	1	5	50
D712	251	41	黑色恶蛆	30	5	10
D712	321	72	黑色恶蛆	30	5	10
D712	363	146	黑色恶蛆	30	5	10
D712	172	59	黑色恶蛆	30	5	10
D712	210	93	黑色恶蛆	30	5	10
D712	262	140	黑色恶蛆	30	5	10
D712	309	19	黑色恶蛆	30	5	10
D712	350	303	黑色恶蛆	30	5	10
D712	111	105	黑色恶蛆	30	5	10
D712	158	149	黑色恶蛆	30	5	10
D712	200	200	黑色恶蛆	30	5	10
D712	255	306	黑色恶蛆	30	5	10
D712	287	286	黑色恶蛆	30	5	10
D712	56	158	黑色恶蛆	30	5	10
D712	153	237	黑色恶蛆	30	5	10
D712	112	250	黑色恶蛆	30	5	10
D712	114	314	黑色恶蛆	30	5	10
D712	304	340	黑色恶蛆	30	5	10
D712	200	200	楔蛾		200	30	10
D712	200	200	红野猪0		200	1	30
D712	200	200	黑野猪0		200	1	30
D712	200	200	黑色恶蛆0	200	1	30

;石墓三层
;--------------------------------------------------
D713	251	41	红野猪		30	7	10
D713	321	72	红野猪		30	7	10
D713	363	146	红野猪		30	7	10
D713	172	59	红野猪		30	7	10
D713	210	93	红野猪		30	7	10
D713	262	140	红野猪		30	7	10
D713	309	19	红野猪		30	7	10
D713	350	303	红野猪		30	7	10
D713	111	105	红野猪		30	7	10
D713	158	149	红野猪		30	7	10
D713	200	200	红野猪		30	7	10
D713	255	306	红野猪		30	7	10
D713	287	286	红野猪		30	7	10
D713	56	158	红野猪		30	7	10
D713	153	237	红野猪		30	7	10
D713	112	250	红野猪		30	7	10
D713	114	314	红野猪		30	7	10
D713	304	340	红野猪		30	7	10
D713	251	41	黑野猪		30	5	10
D713	321	72	黑野猪		30	5	10
D713	363	146	黑野猪		30	5	10
D713	172	59	黑野猪		30	5	10
D713	210	93	黑野猪		30	5	10
D713	262	140	黑野猪		30	5	10
D713	309	19	黑野猪		30	5	10
D713	350	303	黑野猪		30	5	10
D713	111	105	黑野猪		30	5	10
D713	158	149	黑野猪		30	5	10
D713	200	200	黑野猪		30	5	10
D713	255	306	黑野猪		30	5	10
D713	287	286	黑野猪		30	5	10
D713	56	158	黑野猪		30	5	10
D713	153	237	黑野猪		30	5	10
D713	112	250	黑野猪		30	5	10
D713	114	314	黑野猪		30	5	10
D713	304	340	黑野猪		30	5	10
D713	100	100	黑野猪		100	1	5	50
D713	300	100	黑野猪		100	1	5	50
D713	100	300	黑野猪		100	1	5	50
D713	300	300	黑野猪		100	1	5	50
D713	251	41	黑色恶蛆	30	5	10
D713	321	72	黑色恶蛆	30	5	10
D713	363	146	黑色恶蛆	30	5	10
D713	172	59	黑色恶蛆	30	5	10
D713	210	93	黑色恶蛆	30	5	10
D713	262	140	黑色恶蛆	30	5	10
D713	309	19	黑色恶蛆	30	5	10
D713	350	303	黑色恶蛆	30	5	10
D713	111	105	黑色恶蛆	30	5	10
D713	158	149	黑色恶蛆	30	5	10
D713	200	200	黑色恶蛆	30	5	10
D713	255	306	黑色恶蛆	30	5	10
D713	287	286	黑色恶蛆	30	5	10
D713	56	158	黑色恶蛆	30	5	10
D713	153	237	黑色恶蛆	30	5	10
D713	112	250	黑色恶蛆	30	5	10
D713	114	314	黑色恶蛆	30	5	10
D713	304	340	黑色恶蛆	30	5	10
D713	200	200	楔蛾		200	30	10
D713	100	100	黑色恶蛆	100	5	5	50
D713	300	100	黑色恶蛆	100	5	5	50
D713	100	300	黑色恶蛆	100	5	5	50
D713	300	300	黑色恶蛆	100	5	5	50
D713	200	200	角蝇		200	15	10
D713	200	200	蝎蛇		200	30	10
D713	200	200	红野猪0		200	1	30
D713	200	200	黑野猪0		200	1	30
D713	200	200	黑色恶蛆0	200	1	30
D713	200	200	蝎蛇0		200	1	30
D713	200	200	红野猪3		200	10	15
D713	200	200	黑野猪3		200	10	15
D713	200	200	蝎蛇3		200	10	15

;石墓四层
;--------------------------------------------------
D714	251	41	红野猪		30	7	10
D714	321	72	红野猪		30	7	10
D714	363	146	红野猪		30	7	10
D714	172	59	红野猪		30	7	10
D714	210	93	红野猪		30	7	10
D714	262	140	红野猪		30	7	10
D714	309	19	红野猪		30	7	10
D714	350	303	红野猪		30	7	10
D714	111	105	红野猪		30	7	10
D714	158	149	红野猪		30	7	10
D714	200	200	红野猪		30	7	10
D714	255	306	红野猪		30	7	10
D714	287	286	红野猪		30	7	10
D714	56	158	红野猪		30	7	10
D714	153	237	红野猪		30	7	10
D714	112	250	红野猪		30	7	10
D714	114	314	红野猪		30	7	10
D714	304	340	红野猪		30	7	10
D714	251	41	黑野猪		30	5	10
D714	321	72	黑野猪		30	5	10
D714	363	146	黑野猪		30	5	10
D714	172	59	黑野猪		30	5	10
D714	210	93	黑野猪		30	5	10
D714	262	140	黑野猪		30	5	10
D714	309	19	黑野猪		30	5	10
D714	350	303	黑野猪		30	5	10
D714	111	105	黑野猪		30	5	10
D714	158	149	黑野猪		30	5	10
D714	200	200	黑野猪		30	5	10
D714	255	306	黑野猪		30	5	10
D714	287	286	黑野猪		30	5	10
D714	56	158	黑野猪		30	5	10
D714	153	237	黑野猪		30	5	10
D714	112	250	黑野猪		30	5	10
D714	114	314	黑野猪		30	5	10
D714	304	340	黑野猪		30	5	10
D714	100	100	黑野猪		100	1	5	50
D714	300	100	黑野猪		100	1	5	50
D714	100	300	黑野猪		100	1	5	50
D714	300	300	黑野猪		100	1	5	50
D714	251	41	黑色恶蛆	30	5	10
D714	321	72	黑色恶蛆	30	5	10
D714	363	146	黑色恶蛆	30	5	10
D714	172	59	黑色恶蛆	30	5	10
D714	210	93	黑色恶蛆	30	5	10
D714	262	140	黑色恶蛆	30	5	10
D714	309	19	黑色恶蛆	30	5	10
D714	350	303	黑色恶蛆	30	5	10
D714	111	105	黑色恶蛆	30	5	10
D714	158	149	黑色恶蛆	30	5	10
D714	200	200	黑色恶蛆	30	5	10
D714	255	306	黑色恶蛆	30	5	10
D714	287	286	黑色恶蛆	30	5	10
D714	56	158	黑色恶蛆	30	5	10
D714	153	237	黑色恶蛆	30	5	10
D714	112	250	黑色恶蛆	30	5	10
D714	114	314	黑色恶蛆	30	5	10
D714	304	340	黑色恶蛆	30	5	10
D714	100	100	蝎蛇		100	1	5	50
D714	300	100	蝎蛇		100	1	5	50
D714	100	300	蝎蛇		100	1	5	50
D714	300	300	蝎蛇		100	1	5	50
D714	200	200	蝎蛇		200	30	10
D714	200	200	楔蛾		200	30	10
D714	200	200	角蝇		200	15	10
D714	200	200	白野猪		200	1	120
D714	200	200	红野猪0		200	1	15
D714	200	200	黑野猪0		200	1	15
D714	200	200	黑色恶蛆0	200	1	15
D714	200	200	蝎蛇0		200	1	15
D714	200	200	红野猪3		200	15	30
D714	200	200	黑野猪3		200	15	30
D714	200	200	蝎蛇3		200	15	30

;石墓五层
;--------------------------------------------------
D715	200	200	红野猪		200	35	10
D715	200	200	楔蛾		200	35	10
D715	200	200	蝎蛇		200	35	10
D715	200	200	黑野猪		200	35	10
D715	200	200	黑色恶蛆	200	35	10
D715	200	200	白野猪		200	1	120
D715	200	200	角蝇		200	15	10
D715	200	200	红野猪0		200	1	30
D715	200	200	黑野猪0		200	1	30
D715	200	200	黑色恶蛆0	200	1	30
D715	200	200	蝎蛇0		200	1	30
D715	200	200	红野猪3		200	10	15
D715	200	200	黑野猪3		200	10	15
D715	200	200	蝎蛇3		200	10	15

;石墓阵
;--------------------------------------------------
D71601	25	25	红野猪		25	7	10
D71601	25	25	黑野猪		25	7	10
D71601	25	25	楔蛾		25	7	10
D71601	25	25	蝎蛇		25	7	10
D71601	25	25	黑色恶蛆	25	7	10
D71601	25	25	角蝇		25	3	10
D71601	25	25	红野猪0		25	1	120
D71601	25	25	红野猪3		25	1	30
D71601	25	25	黑野猪3		25	1	30
D71601	25	25	蝎蛇3		25	1	30

;石墓阵
;--------------------------------------------------
D71602	25	25	红野猪		25	7	10
D71602	25	25	黑野猪		25	7	10
D71602	25	25	楔蛾		25	7	10
D71602	25	25	蝎蛇		25	7	10
D71602	25	25	黑色恶蛆	25	7	10
D71602	25	25	角蝇		25	3	10
D71602	25	25	黑野猪0		25	1	120
D71602	25	25	红野猪3		25	1	30
D71602	25	25	黑野猪3		25	1	30
D71602	25	25	蝎蛇3		25	1	30

;石墓阵
;--------------------------------------------------
D71603	25	25	红野猪		25	7	10
D71603	25	25	黑野猪		25	7	10
D71603	25	25	楔蛾		25	7	10
D71603	25	25	蝎蛇		25	7	10
D71603	25	25	黑色恶蛆	25	7	10
D71603	25	25	角蝇		25	3	10
D71603	25	25	黑色恶蛆0	25	1	120
D71603	25	25	红野猪3		25	1	30
D71603	25	25	黑野猪3		25	1	30
D71603	25	25	蝎蛇3		25	1	30

;石墓阵
;--------------------------------------------------
D71604	25	25	红野猪		25	7	10
D71604	25	25	黑野猪		25	7	10
D71604	25	25	楔蛾		25	7	10
D71604	25	25	蝎蛇		25	7	10
D71604	25	25	黑色恶蛆	25	7	10
D71604	25	25	角蝇		25	3	10
D71604	25	25	蝎蛇0		25	1	120
D71604	25	25	红野猪3		25	1	30
D71604	25	25	黑野猪3		25	1	30
D71604	25	25	蝎蛇3		25	1	30

;石墓阵
;--------------------------------------------------
D71605	25	25	红野猪		25	7	10
D71605	25	25	黑野猪		25	7	10
D71605	25	25	楔蛾		25	7	10
D71605	25	25	蝎蛇		25	7	10
D71605	25	25	黑色恶蛆	25	7	10
D71605	25	25	角蝇		25	3	10
D71605	25	25	红野猪0		25	1	120
D71605	25	25	红野猪3		25	1	30
D71605	25	25	黑野猪3		25	1	30
D71605	25	25	蝎蛇3		25	1	30

;石墓阵
;--------------------------------------------------
D71606	25	25	红野猪		25	7	10
D71606	25	25	黑野猪		25	7	10
D71606	25	25	楔蛾		25	7	10
D71606	25	25	蝎蛇		25	7	10
D71606	25	25	黑色恶蛆	25	7	10
D71606	25	25	角蝇		25	3	10
D71606	25	25	黑野猪0		25	1	120
D71606	25	25	红野猪3		25	1	30
D71606	25	25	黑野猪3		25	1	30
D71606	25	25	蝎蛇3		25	1	30

;石墓阵
;--------------------------------------------------
D71607	25	25	红野猪		25	7	10
D71607	25	25	黑野猪		25	7	10
D71607	25	25	楔蛾		25	7	10
D71607	25	25	蝎蛇		25	7	10
D71607	25	25	黑色恶蛆	25	7	10
D71607	25	25	角蝇		25	3	10
D71607	25	25	黑色恶蛆0	25	1	120
D71607	25	25	红野猪3		25	1	30
D71607	25	25	黑野猪3		25	1	30
D71607	25	25	蝎蛇3		25	1	30

;石墓阵
;--------------------------------------------------
D71608	25	25	红野猪		25	7	10
D71608	25	25	黑野猪		25	7	10
D71608	25	25	楔蛾		25	7	10
D71608	25	25	蝎蛇		25	7	10
D71608	25	25	黑色恶蛆	25	7	10
D71608	25	25	角蝇		25	3	10
D71608	25	25	蝎蛇0		25	1	120
D71608	25	25	红野猪3		25	1	30
D71608	25	25	黑野猪3		25	1	30
D71608	25	25	蝎蛇3		25	1	30

;石墓阵
;--------------------------------------------------
D71609	25	25	红野猪		25	7	10
D71609	25	25	黑野猪		25	7	10
D71609	25	25	楔蛾		25	7	10
D71609	25	25	蝎蛇		25	7	10
D71609	25	25	黑色恶蛆	25	7	10
D71609	25	25	角蝇		25	3	10
D71609	25	25	红野猪0		25	1	120
D71609	25	25	红野猪3		25	1	30
D71609	25	25	黑野猪3		25	1	30
D71609	25	25	蝎蛇3		25	1	30

;石墓阵
;--------------------------------------------------
D71610	25	25	红野猪		25	7	10
D71610	25	25	黑野猪		25	7	10
D71610	25	25	楔蛾		25	7	10
D71610	25	25	蝎蛇		25	7	10
D71610	25	25	黑色恶蛆	25	7	10
D71610	25	25	角蝇		25	3	10
D71610	25	25	黑野猪0		25	1	120
D71610	25	25	红野猪3		25	1	30
D71610	25	25	黑野猪3		25	1	30
D71610	25	25	蝎蛇3		25	1	30

;石墓阵
;--------------------------------------------------
D71611	25	25	红野猪		25	7	10
D71611	25	25	黑野猪		25	7	10
D71611	25	25	楔蛾		25	7	10
D71611	25	25	蝎蛇		25	7	10
D71611	25	25	黑色恶蛆	25	7	10
D71611	25	25	角蝇		25	3	10
D71611	25	25	黑色恶蛆0	25	1	120
D71611	25	25	红野猪3		25	1	30
D71611	25	25	黑野猪3		25	1	30
D71611	25	25	蝎蛇3		25	1	30

;石墓阵
;--------------------------------------------------
D71612	25	25	红野猪		25	7	10
D71612	25	25	黑野猪		25	7	10
D71612	25	25	楔蛾		25	7	10
D71612	25	25	蝎蛇		25	7	10
D71612	25	25	黑色恶蛆	25	7	10
D71612	25	25	角蝇		25	3	10
D71612	25	25	蝎蛇0		25	1	120
D71612	25	25	红野猪3		25	1	30
D71612	25	25	黑野猪3		25	1	30
D71612	25	25	蝎蛇3		25	1	30

;石墓阵
;--------------------------------------------------
D71613	25	25	红野猪		25	7	10
D71613	25	25	黑野猪		25	7	10
D71613	25	25	楔蛾		25	7	10
D71613	25	25	蝎蛇		25	7	10
D71613	25	25	黑色恶蛆	25	7	10
D71613	25	25	角蝇		25	3	10
D71613	25	25	红野猪0		25	1	120
D71613	25	25	红野猪3		25	1	30
D71613	25	25	黑野猪3		25	1	30
D71613	25	25	蝎蛇3		25	1	30

;石墓阵
;--------------------------------------------------
D71614	25	25	红野猪		25	7	10
D71614	25	25	黑野猪		25	7	10
D71614	25	25	楔蛾		25	7	10
D71614	25	25	蝎蛇		25	7	10
D71614	25	25	黑色恶蛆	25	7	10
D71614	25	25	角蝇		25	3	10
D71614	25	25	黑野猪0		25	1	120
D71614	25	25	红野猪3		25	1	30
D71614	25	25	黑野猪3		25	1	30
D71614	25	25	蝎蛇3		25	1	30

;石墓阵
;--------------------------------------------------
D71615	25	25	红野猪		25	7	10
D71615	25	25	黑野猪		25	7	10
D71615	25	25	楔蛾		25	7	10
D71615	25	25	蝎蛇		25	7	10
D71615	25	25	黑色恶蛆	25	7	10
D71615	25	25	角蝇		25	3	10
D71615	25	25	黑色恶蛆0	25	1	120
D71615	25	25	红野猪3		25	1	30
D71615	25	25	黑野猪3		25	1	30
D71615	25	25	蝎蛇3		25	1	30

;石墓阵
;--------------------------------------------------
D71616	25	25	红野猪		25	7	10
D71616	25	25	黑野猪		25	7	10
D71616	25	25	楔蛾		25	7	10
D71616	25	25	蝎蛇		25	7	10
D71616	25	25	黑色恶蛆	25	7	10
D71616	25	25	角蝇		25	3	10
D71616	25	25	蝎蛇0		25	1	120
D71616	25	25	红野猪3		25	1	30
D71616	25	25	黑野猪3		25	1	30
D71616	25	25	蝎蛇3		25	1	30

;石墓阵
;--------------------------------------------------
D71617	25	25	红野猪		25	7	10
D71617	25	25	黑野猪		25	7	10
D71617	25	25	楔蛾		25	7	10
D71617	25	25	蝎蛇		25	7	10
D71617	25	25	黑色恶蛆	25	7	10
D71617	25	25	角蝇		25	3	10
D71617	25	25	红野猪0		25	1	120
D71617	25	25	红野猪3		25	1	30
D71617	25	25	黑野猪3		25	1	30
D71617	25	25	蝎蛇3		25	1	30

;石墓阵
;--------------------------------------------------
D71618	25	25	红野猪		25	7	10
D71618	25	25	黑野猪		25	7	10
D71618	25	25	楔蛾		25	7	10
D71618	25	25	蝎蛇		25	7	10
D71618	25	25	黑色恶蛆	25	7	10
D71618	25	25	角蝇		25	3	10
D71618	25	25	黑野猪0		25	1	120
D71618	25	25	红野猪3		25	1	30
D71618	25	25	黑野猪3		25	1	30
D71618	25	25	蝎蛇3		25	1	30

;石墓阵
;--------------------------------------------------
D71619	25	25	红野猪		25	7	10
D71619	25	25	黑野猪		25	7	10
D71619	25	25	楔蛾		25	7	10
D71619	25	25	蝎蛇		25	7	10
D71619	25	25	黑色恶蛆	25	7	10
D71619	25	25	角蝇		25	3	10
D71619	25	25	黑色恶蛆0	25	1	120
D71619	25	25	红野猪3		25	1	30
D71619	25	25	黑野猪3		25	1	30
D71619	25	25	蝎蛇3		25	1	30

;石墓阵
;--------------------------------------------------
D71620	25	25	红野猪		25	7	10
D71620	25	25	黑野猪		25	7	10
D71620	25	25	楔蛾		25	7	10
D71620	25	25	蝎蛇		25	7	10
D71620	25	25	黑色恶蛆	25	7	10
D71620	25	25	角蝇		25	3	10
D71620	25	25	蝎蛇0		25	1	120
D71620	25	25	红野猪3		25	1	30
D71620	25	25	黑野猪3		25	1	30
D71620	25	25	蝎蛇3		25	1	30

;石墓阵
;--------------------------------------------------
D71621	25	25	红野猪		25	7	10
D71621	25	25	黑野猪		25	7	10
D71621	25	25	楔蛾		25	7	10
D71621	25	25	蝎蛇		25	7	10
D71621	25	25	黑色恶蛆	25	7	10
D71621	25	25	角蝇		25	3	10
D71621	25	25	红野猪0		25	1	120
D71621	25	25	红野猪3		25	1	30
D71621	25	25	黑野猪3		25	1	30
D71621	25	25	蝎蛇3		25	1	30

;石墓阵
;--------------------------------------------------
D71622	25	25	红野猪		25	7	10
D71622	25	25	黑野猪		25	7	10
D71622	25	25	楔蛾		25	7	10
D71622	25	25	蝎蛇		25	7	10
D71622	25	25	黑色恶蛆	25	7	10
D71622	25	25	角蝇		25	3	10
D71622	25	25	黑野猪0		25	1	120
D71622	25	25	红野猪3		25	1	30
D71622	25	25	黑野猪3		25	1	30
D71622	25	25	蝎蛇3		25	1	30

;石墓阵
;--------------------------------------------------
D71623	25	25	红野猪		25	7	10
D71623	25	25	黑野猪		25	7	10
D71623	25	25	楔蛾		25	7	10
D71623	25	25	蝎蛇		25	7	10
D71623	25	25	黑色恶蛆	25	7	10
D71623	25	25	角蝇		25	3	10
D71623	25	25	黑色恶蛆0	25	1	120
D71623	25	25	红野猪3		25	1	30
D71623	25	25	黑野猪3		25	1	30
D71623	25	25	蝎蛇3		25	1	30

;石墓阵
;--------------------------------------------------
D71624	25	25	红野猪		25	7	10
D71624	25	25	黑野猪		25	7	10
D71624	25	25	楔蛾		25	7	10
D71624	25	25	蝎蛇		25	7	10
D71624	25	25	黑色恶蛆	25	7	10
D71624	25	25	角蝇		25	3	10
D71624	25	25	蝎蛇0		25	1	120
D71624	25	25	红野猪3		25	1	30
D71624	25	25	黑野猪3		25	1	30
D71624	25	25	蝎蛇3		25	1	30

;石墓阵
;--------------------------------------------------
D71625	25	25	红野猪		25	7	10
D71625	25	25	黑野猪		25	7	10
D71625	25	25	楔蛾		25	7	10
D71625	25	25	蝎蛇		25	7	10
D71625	25	25	黑色恶蛆	25	7	10
D71625	25	25	角蝇		25	3	10
D71625	25	25	红野猪0		25	1	120
D71625	25	25	红野猪3		25	1	30
D71625	25	25	黑野猪3		25	1	30
D71625	25	25	蝎蛇3		25	1	30

;石墓六层
;--------------------------------------------------
D716	25	25	红野猪		25	7	10
D716	25	25	黑野猪		25	7	10
D716	25	25	楔蛾		25	7	10
D716	25	25	蝎蛇		25	7	10
D716	25	25	黑色恶蛆	25	7	10
D716	25	25	角蝇		25	3	10
D716	25	25	黑野猪0		25	1	120

;石墓七层
;--------------------------------------------------
D717	100	100	黑色恶蛆	100	40	10
D717	100	100	楔蛾		100	40	10
D717	100	100	白野猪0		100	28	120
D717	100	100	白野猪		100	2	120
D717	100	100	白野猪		100	2	240
D717	100	100	白野猪2		100	2	100
D717	100	100	邪恶毒蛇	100	1	120
D717	100	100	角蝇		100	10	10

;香石墓穴
;--------------------------------------------------
E701	50	50	僵尸1		50	15	23
E701	50	50	僵尸2		50	15	23
E701	50	50	僵尸3		50	15	23
E701	50	50	僵尸4		50	15	23
E701	50	50	僵尸5		50	15	23
E701	50	50	僵尸10		50	1	120
E701	50	50	僵尸30		50	1	120
E701	50	50	僵尸50		50	1	120

;香石墓穴
;--------------------------------------------------
E702	50	50	僵尸1		50	15	23
E702	50	50	僵尸2		50	15	23
E702	50	50	僵尸3		50	15	23
E702	50	50	僵尸4		50	15	23
E702	50	50	僵尸5		50	15	23
E702	50	50	楔蛾		50	15	23
E702	50	50	角蝇		50	3	23
E702	50	50	蝎蛇		50	10	23
E702	50	50	红野猪		50	15	23
E702	50	50	黑野猪		50	15	23
E702	50	50	黑色恶蛆	50	15	23
E702	50	50	蝎蛇0		50	1	120
E702	50	50	僵尸10		50	1	120
E702	50	50	僵尸40		50	1	120
E702	50	50	僵尸50		50	1	120
E702	50	50	黑野猪0		50	1	120

;香石墓穴
;--------------------------------------------------
E703	50	50	楔蛾		50	15	23
E703	50	50	红野猪		50	15	23
E703	50	50	黑野猪		50	15	23
E703	50	50	黑色恶蛆	50	15	23
E703	50	50	角蝇		50	3	23
E703	50	50	蝎蛇		50	15	23
E703	50	50	红野猪0		50	1	120
E703	50	50	蝎蛇0		50	1	120

;沙巴克暗道
;--------------------------------------------------
D701	100	100	僵尸5		100	30	10

;不归路（通往白日门）
;--------------------------------------------------
T1341	20	20	天狼蜘蛛	15	5	10
T1341	20	20	钢牙蜘蛛	15	2	10
T1341	20	20	暴牙蜘蛛	15	2	10
T1341	20	20	花吻蜘蛛	15	2	10

T1342	20	20	天狼蜘蛛	15	2	10
T1342	20	20	钢牙蜘蛛	15	5	10
T1342	20	20	暴牙蜘蛛	15	2	10
T1342	20	20	天狼蜘蛛	15	2	10

T1343	20	20	天狼蜘蛛	15	2	10
T1343	20	20	钢牙蜘蛛	15	2	10
T1343	20	20	暴牙蜘蛛	15	5	10
T1343	20	20	花吻蜘蛛	15	3	10

;祖玛寺庙一层
;--------------------------------------------------
D501	200	200	楔蛾		100	2	8
D501	100	300	楔蛾		100	2	8
D501	300	100	楔蛾		100	2	8
D501	100	100	楔蛾		100	2	8
D501	300	300	楔蛾		100	2	8
D501	200	200	角蝇		100	1	8
D501	100	300	角蝇		100	1	8
D501	300	100	角蝇		100	1	8
D501	100	100	角蝇		100	1	8
D501	300	300	角蝇		100	1	8
D501	200	200	大老鼠		100	18	8
D501	100	660	大老鼠		100	18	8
D501	660	100	大老鼠		100	18	8
D501	100	100	大老鼠		100	18	8
D501	660	660	大老鼠		100	18	8
D501	200	200	大老鼠0		200	3	20

;祖玛寺庙二层
;--------------------------------------------------
D502	200	200	大老鼠		100	25	8
D502	100	300	大老鼠		100	25	8
D502	300	100	大老鼠		100	25	8
D502	100	100	大老鼠		100	25	8
D502	300	300	大老鼠		100	25	8
D502	200	200	角蝇		100	1	8
D502	100	300	角蝇		100	1	8
D502	300	100	角蝇		100	1	8
D502	100	100	角蝇		100	1	8
D502	300	300	角蝇		100	1	8
D502	200	200	楔蛾		100	3	8
D502	100	300	楔蛾		100	3	8
D502	300	100	楔蛾		100	3	8
D502	100	100	楔蛾		100	3	8
D502	300	300	楔蛾		100	3	8
D502	200	200	大老鼠0		200	3	20

;祖玛寺庙三层
;--------------------------------------------------
D503	100	100	角蝇		100	1	8
D503	100	100	楔蛾		100	10	8
D503	100	100	祖玛雕像	100	10	8
D503	100	100	祖玛卫士	100	8	8
D503	100	100	祖玛弓箭手	100	10	8
D503	100	300	角蝇		100	1	8
D503	100	300	楔蛾		100	10	8
D503	100	300	祖玛雕像	100	10	8
D503	100	300	祖玛卫士	100	8	8
D503	100	300	祖玛卫士10	100	1	60
D503	100	300	祖玛弓箭手	100	10	8
D503	200	200	角蝇		100	1	8
D503	200	200	楔蛾		100	10	8
D503	200	200	大老鼠		200	25	8
D503	200	200	祖玛雕像	100	10	8
D503	200	200	祖玛卫士	100	8	8
D503	200	200	祖玛弓箭手	100	10	8
D503	300	100	角蝇		100	1	8
D503	300	100	楔蛾		100	10	8
D503	300	100	祖玛雕像	100	10	8
D503	300	100	祖玛卫士	100	8	8
D503	300	100	祖玛弓箭手	100	10	8
D503	300	300	角蝇		100	1	8
D503	300	300	楔蛾		100	10	8
D503	300	300	祖玛雕像	100	10	8
D503	300	300	祖玛卫士	100	8	8
D503	300	300	祖玛弓箭手	100	10	8
D503	200	200	大老鼠0		200	1	20
D503	200	200	祖玛雕像0	200	1	20
D503	200	200	祖玛卫士0	200	1	20
D503	200	200	祖玛弓箭手0	200	1	20
D503	200	200	祖玛雕像3	200	1	60
D503	200	200	祖玛卫士3	200	1	60
D503	200	200	祖玛弓箭手3	200	1	60

;祖玛寺庙四层
;--------------------------------------------------
D504	200	200	楔蛾		180	40	8
D504	200	200	角蝇		100	2	8
D504	100	300	角蝇		100	2	8
D504	300	100	角蝇		100	2	8
D504	100	100	角蝇		100	2	8
D504	300	300	角蝇		100	2	8
D504	200	200	大老鼠		200	40	10
D504	200	200	祖玛弓箭手	180	30	8
D504	200	200	祖玛雕像	180	30	8
D504	200	200	祖玛卫士	180	30	8
D504	200	200	大老鼠0		200	1	20
D504	200	200	祖玛雕像0	200	1	20
D504	200	200	祖玛卫士0	200	1	20
D504	200	200	祖玛弓箭手0	200	1	20
D504	200	200	祖玛雕像3	200	2	60
D504	200	200	祖玛卫士3	200	2	60
D504	200	200	祖玛弓箭手3	200	2	60
D504	200	200	祖玛卫士10	200	1	60
D504	225	175	楔蛾		8	5	120	50
D504	225	175	角蝇		8	3	120	50
D504	225	175	祖玛雕像	8	5	120	50
D504	225	175	祖玛卫士	8	5	120	50
D504	225	175	祖玛弓箭手	8	5	120	50
D504	225	175	祖玛卫士00	8	1	120	50

;祖玛寺庙五层
;--------------------------------------------------
D505	100	100	楔蛾		100	30	10
D505	100	100	角蝇		100	10	10
D505	100	100	祖玛雕像	100	30	10
D505	100	100	祖玛卫士	100	30	10
D505	100	100	祖玛弓箭手	100	30	10
D505	100	100	祖玛雕像0	100	1	20
D505	100	100	祖玛卫士0	100	1	20
D505	100	100	祖玛弓箭手0	100	1	20
D505	100	100	祖玛雕像3	100	3	60
D505	100	100	祖玛卫士3	100	3	60
D505	100	100	祖玛弓箭手3	100	3	60
D505	154	172	祖玛卫士	8	7	120	50
D505	154	172	祖玛卫士10	8	7	1	50
D505	154	172	楔蛾		8	8	120	50
D505	154	172	祖玛弓箭手	8	8	120	50
D505	154	172	角蝇		8	3	120	50
D505	154	172	祖玛雕像	8	8	120	50
D505	154	172	祖玛卫士00	8	1	120	50
D505	100	100	祖玛卫士10	100	1	60

;祖玛阁
;--------------------------------------------------
D5061	11	13	祖玛雕像	2	1	3
D5061	11	13	祖玛弓箭手	2	1	3
D5061	11	13	祖玛卫士	2	1	3
D5061	11	13	楔蛾		2	2	5
D5061	11	13	角蝇		2	1	5
D5061	37	13	祖玛雕像	2	1	3
D5061	37	13	祖玛弓箭手	2	1	3
D5061	37	13	祖玛卫士	2	1	3
D5061	37	13	楔蛾		2	2	5
D5061	37	13	角蝇		2	1	5
D5061	63	13	祖玛雕像	2	1	3
D5061	63	13	祖玛卫士	2	1	3
D5061	63	13	楔蛾		2	2	5
D5061	63	13	角蝇		2	1	5
D5061	63	13	祖玛弓箭手	2	1	3
D5061	88	14	祖玛雕像	2	1	3
D5061	88	14	祖玛卫士	2	1	3
D5061	88	14	楔蛾		2	2	5
D5061	88	14	角蝇		2	1	5
D5061	88	14	祖玛弓箭手	2	1	3
D5061	11	41	祖玛雕像	2	1	3
D5061	11	41	祖玛卫士	2	1	3
D5061	11	41	祖玛卫士10	2	1	45
D5061	11	41	楔蛾		2	2	5
D5061	11	41	角蝇		2	1	5
D5061	11	41	祖玛弓箭手	2	1	3
D5061	37	41	祖玛卫士	2	1	3
D5061	37	41	祖玛雕像	2	1	3
D5061	37	41	楔蛾		2	2	5
D5061	37	41	角蝇		2	1	5
D5061	37	41	祖玛卫士	2	1	3
D5061	63	41	祖玛雕像	2	1	3
D5061	63	41	楔蛾		2	2	5
D5061	63	41	角蝇		2	1	5
D5061	63	41	祖玛弓箭手	2	1	3
D5061	63	41	祖玛卫士	2	1	3
D5061	89	41	祖玛雕像	2	1	3
D5061	89	41	祖玛卫士	2	1	3
D5061	89	41	楔蛾		2	2	5
D5061	89	41	角蝇		2	1	5
D5061	89	41	祖玛弓箭手	2	1	3
D5061	12	74	祖玛雕像	2	1	3
D5061	12	74	祖玛卫士	2	1	3
D5061	12	74	楔蛾		2	2	5
D5061	12	74	角蝇		2	1	5
D5061	12	74	祖玛弓箭手	2	1	3
D5061	37	73	祖玛雕像	2	1	3
D5061	37	73	祖玛卫士	2	1	3
D5061	37	73	楔蛾		2	2	5
D5061	37	73	角蝇		2	1	5
D5061	37	73	祖玛弓箭手	2	1	3
D5061	63	73	祖玛雕像	2	1	3
D5061	63	73	祖玛卫士	2	1	3
D5061	63	73	楔蛾		2	2	5
D5061	63	73	角蝇		2	1	5
D5061	63	73	祖玛弓箭手	2	1	3
D5061	87	73	祖玛雕像	2	1	3
D5061	87	73	祖玛卫士	2	1	3
D5061	87	73	楔蛾		2	2	5
D5061	87	73	角蝇		2	1	5
D5061	87	73	祖玛弓箭手	2	1	3
D5061	50	50	祖玛雕像0	50	1	120
D5061	50	50	祖玛卫士0	50	1	120
D5061	50	50	祖玛弓箭手0	50	1	120

;祖玛阁
;--------------------------------------------------
D5062	11	13	祖玛雕像	2	1	3
D5062	11	13	祖玛弓箭手	2	1	3
D5062	11	13	祖玛卫士	2	1	3
D5062	11	13	楔蛾		2	2	5
D5062	11	13	角蝇		2	1	5
D5062	37	13	祖玛雕像	2	1	3
D5062	37	13	祖玛弓箭手	2	1	3
D5062	37	13	祖玛卫士	2	1	3
D5062	37	13	楔蛾		2	2	5
D5062	37	13	角蝇		2	1	5
D5062	63	13	祖玛雕像	2	1	3
D5062	63	13	祖玛卫士	2	1	3
D5062	63	13	楔蛾		2	2	5
D5062	63	13	角蝇		2	1	5
D5062	63	13	祖玛弓箭手	2	1	3
D5062	88	14	祖玛雕像	2	1	3
D5062	88	14	祖玛卫士	2	1	3
D5062	88	14	楔蛾		2	2	5
D5062	88	14	角蝇		2	1	5
D5062	88	14	祖玛弓箭手	2	1	3
D5062	11	41	祖玛雕像	2	1	3
D5062	11	41	祖玛卫士	2	1	3
D5062	11	41	祖玛卫士10	2	1	45
D5062	11	41	楔蛾		2	2	5
D5062	11	41	角蝇		2	1	5
D5062	11	41	祖玛弓箭手	2	1	3
D5062	37	41	祖玛卫士	2	1	3
D5062	37	41	祖玛雕像	2	1	3
D5062	37	41	楔蛾		2	2	5
D5062	37	41	角蝇		2	1	5
D5062	37	41	祖玛卫士	2	1	3
D5062	63	41	祖玛卫士	2	1	3
D5062	63	41	祖玛雕像	2	1	3
D5062	63	41	楔蛾		2	2	5
D5062	63	41	角蝇		2	1	5
D5062	63	41	祖玛弓箭手	2	2	3
D5062	89	41	祖玛雕像	2	1	3
D5062	89	41	祖玛卫士	2	1	3
D5062	89	41	楔蛾		2	2	5
D5062	89	41	角蝇		2	1	5
D5062	89	41	祖玛弓箭手	2	1	3
D5062	12	74	祖玛雕像	2	1	3
D5062	12	74	祖玛卫士	2	1	3
D5062	12	74	楔蛾		2	2	5
D5062	12	74	角蝇		2	1	5
D5062	12	74	祖玛弓箭手	2	1	3
D5062	37	73	祖玛雕像	2	1	3
D5062	37	73	祖玛卫士	2	1	3
D5062	37	73	楔蛾		2	2	5
D5062	37	73	角蝇		2	1	5
D5062	37	73	祖玛弓箭手	2	1	3
D5062	63	73	祖玛雕像	2	1	3
D5062	63	73	祖玛卫士	2	1	3
D5062	63	73	楔蛾		2	2	5
D5062	63	73	角蝇		2	1	5
D5062	63	73	祖玛弓箭手	2	1	3
D5062	87	73	祖玛雕像	2	1	3
D5062	87	73	祖玛卫士	2	1	3
D5062	87	73	楔蛾		2	2	5
D5062	87	73	角蝇		2	1	5
D5062	87	73	祖玛弓箭手	2	2	3
D5062	50	50	祖玛雕像0	50	1	120
D5062	50	50	祖玛卫士0	50	1	120
D5062	50	50	祖玛弓箭手0	50	1	120

;祖玛阁
;--------------------------------------------------
D5063	11	13	祖玛雕像	2	1	3
D5063	11	13	祖玛弓箭手	2	1	3
D5063	11	13	祖玛卫士	2	1	3
D5063	11	13	楔蛾		2	2	5
D5063	11	13	角蝇		2	1	5
D5063	37	13	祖玛雕像	2	1	3
D5063	37	13	祖玛弓箭手	2	1	3
D5063	37	13	祖玛卫士	2	1	3
D5063	37	13	楔蛾		2	2	5
D5063	37	13	角蝇		2	1	5
D5063	63	13	祖玛雕像	2	1	3
D5063	63	13	祖玛卫士	2	1	3
D5063	63	13	楔蛾		2	2	5
D5063	63	13	角蝇		2	1	5
D5063	63	13	祖玛弓箭手	2	1	3
D5063	88	14	祖玛雕像	2	1	3
D5063	88	14	祖玛卫士	2	1	3
D5063	88	14	楔蛾		2	2	5
D5063	88	14	角蝇		2	1	5
D5063	88	14	祖玛弓箭手	2	1	3
D5063	11	41	祖玛雕像	2	1	3
D5063	11	41	祖玛卫士	2	1	3
D5063	11	41	楔蛾		2	2	5
D5063	11	41	角蝇		2	1	5
D5063	11	41	祖玛弓箭手	2	1	3
D5063	37	41	祖玛卫士	2	1	3
D5063	37	41	祖玛雕像	2	1	3
D5063	37	41	楔蛾		2	2	5
D5063	37	41	角蝇		2	1	5
D5063	37	41	祖玛卫士	2	1	3
D5063	63	41	祖玛雕像	2	1	3
D5063	63	41	楔蛾		2	2	5
D5063	63	41	角蝇		2	1	5
D5063	63	41	祖玛弓箭手	2	1	3
D5063	63	41	祖玛卫士	2	1	3
D5063	89	41	祖玛雕像	2	1	3
D5063	89	41	祖玛卫士	2	1	3
D5063	89	41	楔蛾		2	2	5
D5063	89	41	角蝇		2	1	5
D5063	89	41	祖玛弓箭手	2	1	3
D5063	12	74	祖玛雕像	2	1	3
D5063	12	74	祖玛卫士	2	1	3
D5063	12	74	楔蛾		2	2	5
D5063	12	74	角蝇		2	1	5
D5063	12	74	祖玛弓箭手	2	1	3
D5063	37	73	祖玛雕像	2	1	3
D5063	37	73	祖玛卫士	2	1	3
D5063	37	73	楔蛾		2	2	5
D5063	37	73	角蝇		2	1	5
D5063	37	73	祖玛弓箭手	2	1	3
D5063	63	73	祖玛雕像	2	1	3
D5063	63	73	祖玛卫士	2	1	3
D5063	63	73	楔蛾		2	2	5
D5063	63	73	角蝇		2	1	5
D5063	63	73	祖玛弓箭手	2	1	3
D5063	87	73	祖玛雕像	2	1	3
D5063	87	73	祖玛卫士	2	1	3
D5063	87	73	楔蛾		2	2	5
D5063	87	73	角蝇		2	1	5
D5063	87	73	祖玛弓箭手	2	1	3
D5063	50	50	祖玛雕像0	50	1	120
D5063	50	50	祖玛卫士0	50	1	120
D5063	50	50	祖玛弓箭手0	50	1	120

;祖玛阁
;--------------------------------------------------
D5064	11	13	祖玛雕像	2	1	3
D5064	11	13	祖玛弓箭手	2	1	3
D5064	11	13	祖玛卫士	2	1	3
D5064	11	13	楔蛾		2	2	5
D5064	11	13	角蝇		2	1	5
D5064	37	13	祖玛雕像	2	1	3
D5064	37	13	祖玛弓箭手	2	1	3
D5064	37	13	祖玛卫士	2	1	3
D5064	37	13	楔蛾		2	2	5
D5064	37	13	角蝇		2	1	5
D5064	63	13	祖玛雕像	2	1	3
D5064	63	13	祖玛卫士	2	1	3
D5064	63	13	祖玛卫士10	2	1	45
D5064	63	13	楔蛾		2	2	5
D5064	63	13	角蝇		2	1	5
D5064	63	13	祖玛弓箭手	2	1	3
D5064	88	14	祖玛雕像	2	1	3
D5064	88	14	祖玛卫士	2	1	3
D5064	88	14	楔蛾		2	2	5
D5064	88	14	角蝇		2	1	5
D5064	88	14	祖玛弓箭手	2	1	3
D5064	11	41	祖玛雕像	2	1	3
D5064	11	41	祖玛卫士	2	1	3
D5064	11	41	楔蛾		2	2	5
D5064	11	41	角蝇		2	1	5
D5064	11	41	祖玛弓箭手	2	1	3
D5064	37	41	祖玛卫士	2	1	3
D5064	37	41	祖玛雕像	2	1	3
D5064	37	41	楔蛾		2	2	5
D5064	37	41	角蝇		2	1	5
D5064	37	41	祖玛卫士	2	1	3
D5064	63	41	祖玛雕像	2	1	3
D5064	63	41	楔蛾		2	2	5
D5064	63	41	角蝇		2	1	5
D5064	63	41	祖玛弓箭手	2	1	3
D5064	63	41	祖玛卫士	2	1	3
D5064	89	41	祖玛雕像	2	1	3
D5064	89	41	祖玛卫士	2	1	3
D5064	89	41	楔蛾		2	2	5
D5064	89	41	角蝇		2	1	5
D5064	89	41	祖玛弓箭手	2	1	3
D5064	12	74	祖玛雕像	2	1	3
D5064	12	74	祖玛卫士	2	1	3
D5064	12	74	楔蛾		2	2	5
D5064	12	74	角蝇		2	1	5
D5064	12	74	祖玛弓箭手	2	1	3
D5064	37	73	祖玛雕像	2	1	3
D5064	37	73	祖玛卫士	2	1	3
D5064	37	73	楔蛾		2	2	5
D5064	37	73	角蝇		2	1	5
D5064	37	73	祖玛弓箭手	2	1	3
D5064	63	73	祖玛雕像	2	1	3
D5064	63	73	祖玛卫士	2	1	3
D5064	63	73	楔蛾		2	2	5
D5064	63	73	角蝇		2	1	5
D5064	63	73	祖玛弓箭手	2	1	3
D5064	87	73	祖玛雕像	2	1	3
D5064	87	73	祖玛卫士	2	1	3
D5064	87	73	楔蛾		2	2	5
D5064	87	73	角蝇		2	1	5
D5064	87	73	祖玛弓箭手	2	1	3
D5064	50	50	祖玛雕像0	50	1	120
D5064	50	50	祖玛卫士0	50	1	120
D5064	50	50	祖玛弓箭手0	50	1	120

;祖玛阁
;--------------------------------------------------
D5065	11	13	祖玛雕像	2	1	3
D5065	11	13	祖玛弓箭手	2	1	3
D5065	11	13	祖玛卫士	2	1	3
D5065	11	13	楔蛾		2	2	5
D5065	11	13	角蝇		2	1	5
D5065	37	13	祖玛雕像	2	1	3
D5065	37	13	祖玛弓箭手	2	1	3
D5065	37	13	祖玛卫士	2	1	3
D5065	37	13	楔蛾		2	2	5
D5065	37	13	角蝇		2	1	5
D5065	63	13	祖玛雕像	2	1	3
D5065	63	13	祖玛卫士	2	1	3
D5065	63	13	楔蛾		2	2	5
D5065	63	13	角蝇		2	1	5
D5065	63	13	祖玛弓箭手	2	1	3
D5065	88	14	祖玛雕像	2	1	3
D5065	88	14	祖玛卫士	2	1	3
D5065	88	14	楔蛾		2	2	5
D5065	88	14	角蝇		2	1	5
D5065	88	14	祖玛弓箭手	2	1	3
D5065	11	41	祖玛雕像	2	1	3
D5065	11	41	祖玛卫士	2	1	3
D5065	11	41	楔蛾		2	2	5
D5065	11	41	角蝇		2	1	5
D5065	11	41	祖玛弓箭手	2	1	3
D5065	37	41	祖玛卫士	2	1	3
D5065	37	41	祖玛卫士10	2	1	45
D5065	37	41	祖玛雕像	2	1	3
D5065	37	41	楔蛾		2	2	5
D5065	37	41	角蝇		2	1	5
D5065	37	41	祖玛卫士	2	1	3
D5065	89	41	祖玛雕像	2	1	3
D5065	63	41	祖玛卫士	2	1	3
D5065	89	41	祖玛卫士	2	1	3
D5065	89	41	楔蛾		2	2	5
D5065	89	41	角蝇		2	1	5
D5065	89	41	祖玛弓箭手	2	1	3
D5065	12	74	祖玛雕像	2	1	3
D5065	12	74	祖玛卫士	2	1	3
D5065	12	74	楔蛾		2	2	5
D5065	12	74	角蝇		2	1	5
D5065	12	74	祖玛弓箭手	2	1	3
D5065	37	73	祖玛雕像	2	1	3
D5065	37	73	祖玛卫士	2	1	3
D5065	37	73	楔蛾		2	2	5
D5065	37	73	角蝇		2	1	5
D5065	37	73	祖玛弓箭手	2	1	3
D5065	63	73	祖玛雕像	2	1	3
D5065	63	73	祖玛卫士	2	1	3
D5065	63	73	楔蛾		2	2	5
D5065	63	73	角蝇		2	1	5
D5065	63	73	祖玛弓箭手	2	1	3
D5065	87	73	祖玛雕像	2	1	3
D5065	87	73	祖玛卫士	2	1	3
D5065	87	73	楔蛾		2	2	5
D5065	87	73	角蝇		2	1	5
D5065	87	73	祖玛弓箭手	2	1	3
D5065	50	50	祖玛雕像0	50	1	120
D5065	50	50	祖玛卫士0	50	1	120
D5065	50	50	祖玛弓箭手0	50	1	120

;祖玛阁
;--------------------------------------------------
D5066	11	13	祖玛雕像	2	1	3
D5066	11	13	祖玛弓箭手	2	1	3
D5066	11	13	祖玛卫士	2	1	3
D5066	11	13	楔蛾		2	2	5
D5066	11	13	角蝇		2	1	5
D5066	37	13	祖玛雕像	2	1	3
D5066	37	13	祖玛弓箭手	2	1	3
D5066	37	13	祖玛卫士	2	1	3
D5066	37	13	楔蛾		2	2	5
D5066	37	13	角蝇		2	1	5
D5066	63	13	祖玛雕像	2	1	3
D5066	63	13	祖玛卫士	2	1	3
D5066	63	13	楔蛾		2	2	5
D5066	63	13	角蝇		2	1	5
D5066	63	13	祖玛弓箭手	2	1	3
D5066	88	14	祖玛雕像	2	1	3
D5066	88	14	祖玛卫士	2	1	3
D5066	88	14	楔蛾		2	2	5
D5066	88	14	角蝇		2	1	5
D5066	88	14	祖玛弓箭手	2	1	3
D5066	11	41	祖玛雕像	2	1	3
D5066	11	41	祖玛卫士	2	1	3
D5066	11	41	楔蛾		2	2	5
D5066	11	41	角蝇		2	1	5
D5066	11	41	祖玛弓箭手	2	1	3
D5066	37	41	祖玛卫士	2	1	3
D5066	37	41	祖玛雕像	2	1	3
D5066	37	41	楔蛾		2	2	5
D5066	37	41	角蝇		2	1	5
D5066	37	41	祖玛卫士	2	1	3
D5066	63	41	祖玛雕像	2	1	3
D5066	63	41	楔蛾		2	2	5
D5066	63	41	角蝇		2	1	5
D5066	63	41	祖玛弓箭手	2	1	3
D5066	89	41	祖玛雕像	2	1	3
D5066	63	41	祖玛卫士	2	1	3
D5066	89	41	祖玛卫士	2	1	3
D5066	89	41	楔蛾		2	2	5
D5066	89	41	角蝇		2	1	5
D5066	89	41	祖玛弓箭手	2	1	3
D5066	12	74	祖玛雕像	2	1	3
D5066	12	74	祖玛卫士	2	1	3
D5066	12	74	祖玛卫士10	2	1	45
D5066	12	74	楔蛾		2	2	5
D5066	12	74	角蝇		2	1	5
D5066	12	74	祖玛弓箭手	2	1	3
D5066	37	73	祖玛雕像	2	1	3
D5066	37	73	祖玛卫士	2	1	3
D5066	37	73	楔蛾		2	2	5
D5066	37	73	角蝇		2	1	5
D5066	37	73	祖玛弓箭手	2	1	3
D5066	63	73	祖玛雕像	2	1	3
D5066	63	73	祖玛卫士	2	1	3
D5066	63	73	楔蛾		2	2	5
D5066	63	73	角蝇		2	1	5
D5066	63	73	祖玛弓箭手	2	1	3
D5066	87	73	祖玛雕像	2	1	3
D5066	87	73	祖玛卫士	2	1	3
D5066	87	73	楔蛾		2	2	5
D5066	87	73	角蝇		2	1	5
D5066	87	73	祖玛弓箭手	2	1	3
D5066	50	50	祖玛雕像0	50	1	120
D5066	50	50	祖玛卫士0	50	1	120
D5066	50	50	祖玛弓箭手0	50	1	120

;祖玛阁
;--------------------------------------------------
D5067	11	13	祖玛雕像	2	1	3
D5067	11	13	祖玛弓箭手	2	1	3
D5067	11	13	祖玛卫士	2	1	3
D5067	11	13	楔蛾		2	2	5
D5067	11	13	角蝇		2	1	5
D5067	37	13	祖玛雕像	2	1	3
D5067	37	13	祖玛弓箭手	2	1	3
D5067	37	13	祖玛卫士	2	1	3
D5067	37	13	楔蛾		2	2	5
D5067	37	13	角蝇		2	1	5
D5067	63	13	祖玛雕像	2	1	3
D5067	63	13	祖玛卫士	2	1	3
D5067	63	13	楔蛾		2	2	5
D5067	63	13	角蝇		2	1	5
D5067	63	13	祖玛弓箭手	2	1	3
D5067	88	14	祖玛雕像	2	1	3
D5067	88	14	祖玛卫士	2	1	3
D5067	88	14	楔蛾		2	2	5
D5067	88	14	角蝇		2	1	5
D5067	88	14	祖玛弓箭手	2	1	3
D5067	11	41	祖玛雕像	2	1	3
D5067	11	41	祖玛卫士	2	1	3
D5067	11	41	楔蛾		2	2	5
D5067	11	41	角蝇		2	1	5
D5067	11	41	祖玛弓箭手	2	1	3
D5067	37	41	祖玛卫士	2	1	3
D5067	37	41	祖玛雕像	2	1	3
D5067	37	41	楔蛾		2	2	5
D5067	37	41	角蝇		2	1	5
D5067	37	41	祖玛卫士	2	1	3
D5067	63	41	祖玛雕像	2	1	3
D5067	63	41	楔蛾		2	2	5
D5067	63	41	角蝇		2	1	5
D5067	63	41	祖玛弓箭手	2	1	3
D5067	89	41	祖玛雕像	2	1	3
D5067	63	41	祖玛卫士	2	1	3
D5066	12	74	祖玛卫士	2	1	3
D5066	12	74	祖玛卫士10	2	1	45
D5067	89	41	楔蛾		2	2	5
D5067	89	41	角蝇		2	1	5
D5067	89	41	祖玛弓箭手	2	1	3
D5067	12	74	祖玛雕像	2	1	3
D5067	12	74	祖玛卫士	2	1	3
D5067	12	74	楔蛾		2	2	5
D5067	12	74	角蝇		2	1	5
D5067	12	74	祖玛弓箭手	2	1	3
D5067	37	73	祖玛雕像	2	1	3
D5067	37	73	祖玛卫士	2	1	3
D5067	37	73	楔蛾		2	2	5
D5067	37	73	角蝇		2	1	5
D5067	37	73	祖玛弓箭手	2	1	3
D5067	63	73	祖玛雕像	2	1	3
D5067	63	73	祖玛卫士	2	1	3
D5067	63	73	楔蛾		2	2	5
D5067	63	73	角蝇		2	1	5
D5067	63	73	祖玛弓箭手	2	1	3
D5067	87	73	祖玛雕像	2	1	3
D5067	87	73	祖玛卫士	2	1	3
D5067	87	73	楔蛾		2	2	5
D5067	87	73	角蝇		2	1	5
D5067	87	73	祖玛弓箭手	2	1	3
D5067	50	50	祖玛雕像0	50	1	120
D5067	50	50	祖玛卫士0	50	1	120
D5067	50	50	祖玛弓箭手0	50	1	120

;祖玛阁
;--------------------------------------------------
D5068	11	13	祖玛雕像	2	1	3
D5068	11	13	祖玛弓箭手	2	1	3
D5068	11	13	祖玛卫士	2	1	3
D5068	11	13	楔蛾		2	2	5
D5068	11	13	角蝇		2	1	5
D5068	37	13	祖玛雕像	2	1	3
D5068	37	13	祖玛弓箭手	2	1	3
D5068	37	13	祖玛卫士	2	1	3
D5068	37	13	楔蛾		2	2	5
D5068	37	13	角蝇		2	1	5
D5068	63	13	祖玛雕像	2	1	3
D5068	63	13	祖玛卫士	2	1	3
D5068	63	13	楔蛾		2	2	5
D5068	63	13	角蝇		2	1	5
D5068	63	13	祖玛弓箭手	2	1	3
D5068	88	14	祖玛雕像	2	1	3
D5068	88	14	祖玛卫士	2	1	3
D5068	88	14	楔蛾		2	2	5
D5068	88	14	角蝇		2	1	5
D5068	88	14	祖玛弓箭手	2	1	3
D5068	11	41	祖玛雕像	2	1	3
D5068	11	41	祖玛卫士	2	1	3
D5068	11	41	楔蛾		2	2	5
D5068	11	41	角蝇		2	1	5
D5068	11	41	祖玛弓箭手	2	1	3
D5068	37	41	祖玛卫士	2	1	3
D5068	37	41	祖玛雕像	2	1	3
D5068	37	41	楔蛾		2	2	5
D5068	37	41	角蝇		2	1	5
D5068	37	41	祖玛卫士	2	1	3
D5068	63	41	祖玛雕像	2	1	3
D5068	63	41	楔蛾		2	2	5
D5068	63	41	角蝇		2	1	5
D5068	63	41	祖玛弓箭手	2	1	3
D5068	89	41	祖玛雕像	2	1	3
D5068	63	41	祖玛卫士	2	1	3
D5068	89	41	祖玛卫士	2	1	3
D5068	89	41	楔蛾		2	2	5
D5068	89	41	角蝇		2	1	5
D5068	89	41	祖玛弓箭手	2	1	3
D5068	12	74	祖玛雕像	2	1	3
D5068	12	74	祖玛卫士	2	1	3
D5068	12	74	楔蛾		2	2	5
D5068	12	74	角蝇		2	1	5
D5068	12	74	祖玛弓箭手	2	1	3
D5068	37	73	祖玛雕像	2	1	3
D5068	37	73	祖玛卫士	2	1	3
D5068	37	73	楔蛾		2	2	5
D5068	37	73	角蝇		2	1	5
D5068	37	73	祖玛弓箭手	2	1	3
D5068	63	73	祖玛雕像	2	1	3
D5068	63	73	祖玛卫士	2	1	3
D5068	63	73	楔蛾		2	2	5
D5068	63	73	角蝇		2	1	5
D5068	63	73	祖玛弓箭手	2	1	3
D5068	87	73	祖玛雕像	2	1	3
D5068	87	73	祖玛卫士	2	1	3
D5068	87	73	楔蛾		2	2	5
D5068	87	73	角蝇		2	1	5
D5068	87	73	祖玛弓箭手	2	1	3
D5068	50	50	祖玛雕像0	50	1	120
D5068	50	50	祖玛卫士0	50	1	120
D5068	50	50	祖玛弓箭手0	50	1	120

;祖玛阁
;--------------------------------------------------
D5069	11	13	祖玛雕像	2	1	3
D5069	11	13	祖玛弓箭手	2	1	3
D5069	11	13	祖玛卫士	2	1	3
D5069	11	13	楔蛾		2	2	5
D5069	11	13	角蝇		2	1	5
D5069	37	13	祖玛雕像	2	1	3
D5069	37	13	祖玛弓箭手	2	1	3
D5069	37	13	祖玛卫士	2	1	3
D5069	37	13	楔蛾		2	2	5
D5069	37	13	角蝇		2	1	5
D5069	63	13	祖玛雕像	2	1	3
D5069	63	13	祖玛卫士	2	1	3
D5069	63	13	楔蛾		2	2	5
D5069	63	13	角蝇		2	1	5
D5069	63	13	祖玛弓箭手	2	1	3
D5069	88	14	祖玛雕像	2	1	3
D5069	88	14	祖玛卫士	2	1	3
D5069	88	14	楔蛾		2	2	5
D5069	88	14	角蝇		2	1	5
D5069	88	14	祖玛弓箭手	2	1	3
D5069	11	41	祖玛雕像	2	1	3
D5069	11	41	祖玛卫士	2	1	3
D5069	11	41	楔蛾		2	2	5
D5069	11	41	角蝇		2	1	5
D5069	11	41	祖玛弓箭手	2	1	3
D5069	37	41	祖玛卫士	2	1	3
D5069	37	41	祖玛雕像	2	1	3
D5069	37	41	楔蛾		2	2	5
D5069	37	41	角蝇		2	1	5
D5069	37	41	祖玛卫士	2	1	3
D5069	63	41	祖玛雕像	2	1	3
D5069	63	41	楔蛾		2	2	5
D5069	63	41	角蝇		2	1	5
D5069	63	41	祖玛弓箭手	2	1	3
D5069	89	41	祖玛雕像	2	1	3
D5069	63	41	祖玛卫士	2	1	3
D5069	89	41	祖玛卫士	2	1	3
D5069	89	41	楔蛾		2	2	5
D5069	89	41	角蝇		2	1	5
D5069	89	41	祖玛弓箭手	2	1	3
D5069	12	74	祖玛雕像	2	1	3
D5069	12	74	祖玛卫士	2	1	3
D5069	12	74	楔蛾		2	2	5
D5069	12	74	角蝇		2	1	5
D5069	12	74	祖玛弓箭手	2	1	3
D5069	37	73	祖玛雕像	2	1	3
D5069	37	73	祖玛卫士	2	1	3
D5069	37	73	楔蛾		2	2	5
D5069	37	73	角蝇		2	1	5
D5069	37	73	祖玛弓箭手	2	1	3
D5069	63	73	祖玛雕像	2	1	3
D5069	63	73	祖玛卫士	2	1	3
D5069	63	73	楔蛾		2	2	5
D5069	63	73	角蝇		2	1	5
D5069	63	73	祖玛弓箭手	2	1	3
D5069	87	73	祖玛雕像	2	1	3
D5069	87	73	祖玛卫士	2	1	3
D5069	87	73	楔蛾		2	2	5
D5069	87	73	角蝇		2	1	5
D5069	87	73	祖玛弓箭手	2	1	3
D5069	50	50	祖玛雕像0	50	1	120
D5069	50	50	祖玛卫士0	50	1	120
D5069	50	50	祖玛弓箭手0	50	1	120

;祖玛神殿七层
;--------------------------------------------------
D5072	50	50	楔蛾		50	30	8
D5072	50	50	角蝇		50	10	8
D5072	50	50	祖玛雕像	50	30	8
D5072	50	50	祖玛卫士	50	30	8
D5072	50	50	祖玛弓箭手	50	30	8
D5072	50	50	祖玛雕像0	50	1	120
D5072	50	50	祖玛卫士0	50	1	120
D5072	50	50	祖玛弓箭手0	50	1	120
D5072	50	50	祖玛雕像3	50	8	60
D5072	50	50	祖玛卫士3	50	8	60
D5072	50	50	祖玛弓箭手3	50	8	60

;祖玛神殿七层
;--------------------------------------------------
D5073	50	50	楔蛾		50	30	8
D5073	50	50	角蝇		50	10	8
D5073	50	50	祖玛雕像	50	30	8
D5073	50	50	祖玛卫士	50	30	8
D5073	50	50	祖玛弓箭手	50	30	8
D5073	50	50	祖玛雕像0	50	1	120
D5073	50	50	祖玛卫士0	50	1	120
D5073	50	50	祖玛弓箭手0	50	1	120
D5073	50	50	祖玛雕像3	50	8	60
D5073	50	50	祖玛卫士3	50	8	60
D5073	50	50	祖玛弓箭手3	50	8	60

;祖玛神殿七层
;--------------------------------------------------
D5074	50	50	角蝇		50	10	8
D5074	50	50	大老鼠		50	30	8
D5074	50	50	祖玛雕像	50	30	8
D5074	50	50	祖玛卫士	50	30	8
D5074	50	50	祖玛卫士10	50	1	45
D5074	50	50	祖玛弓箭手	50	30	8
D5074	73	22	楔蛾		7	5	11
D5074	73	22	角蝇		7	3	11
D5074	73	22	祖玛雕像	7	5	11
D5074	73	22	祖玛卫士	7	5	11
D5074	73	22	祖玛弓箭手	7	5	11
D5074	50	50	祖玛雕像0	50	1	120
D5074	50	50	祖玛卫士0	50	1	120
D5074	50	50	祖玛弓箭手0	50	1	120
D5074	50	50	祖玛雕像3	50	8	60
D5074	50	50	祖玛卫士3	50	8	60
D5074	50	50	祖玛弓箭手3	50	8	60

;祖玛教主之家
;--------------------------------------------------
D515	22	20	角蝇		20	5	10
D515	73	22	楔蛾		20	10	10
D515	19	24	祖玛教主	0	1	180

;地牢一层东
;--------------------------------------------------
D601	18	166	蜈蚣		50	8	6
D601	18	166	跳跳蜂		50	8	6
D601	18	166	黑色恶蛆	50	8	6
D601	40	27	蜈蚣		50	8	6
D601	40	27	跳跳蜂		50	8	6
D601	40	27	黑色恶蛆	50	8	6
D601	84	104	蜈蚣		50	8	6
D601	84	104	巨型蠕虫	50	8	6
D601	84	104	黑色恶蛆	50	8	6
D601	100	100	蜈蚣		100	8	10	50
D601	100	100	蜈蚣		100	8	10	50
D601	161	208	蜈蚣		50	8	6
D601	161	208	跳跳蜂		50	8	6
D601	161	208	黑色恶蛆	50	8	6
D601	144	73	蜈蚣		50	8	6
D601	144	73	巨型蠕虫	50	8	6
D601	144	73	黑色恶蛆	50	8	6
D601	187	36	巨型蠕虫	50	8	6
D601	187	36	蜈蚣		50	8	6
D601	187	36	黑色恶蛆	50	8	6
D601	100	100	蜈蚣0		100	1	15
D601	100	100	跳跳蜂0		100	1	15
D601	100	100	巨型蠕虫0	100	1	15
D601	100	100	黑色恶蛆0	100	1	15

;地牢一层西
;--------------------------------------------------
D602	60	47	蜈蚣		60	8	6
D602	60	47	钳虫		60	8	6
D602	60	47	黑色恶蛆	60	8	6
D602	78	167	蜈蚣		60	8	6
D602	78	167	钳虫		60	8	6
D602	78	167	黑色恶蛆	60	8	6
D602	100	100	蜈蚣		100	8	10	50
D602	100	100	蜈蚣		100	8	10	50
D602	100	100	钳虫		100	8	10	50
D602	100	100	钳虫		100	8	10	50
D602	101	101	蜈蚣		60	8	6
D602	101	101	钳虫		60	8	6
D602	101	101	黑色恶蛆	60	8	6
D602	144	151	蜈蚣		60	8	6
D602	144	151	钳虫		60	8	6
D602	144	151	黑色恶蛆	60	8	6
D602	178	43	蜈蚣		60	8	6
D602	178	43	钳虫		60	8	6
D602	178	43	黑色恶蛆	60	8	6
D602	100	100	蜈蚣0		100	1	15
D602	100	100	钳虫0		100	1	15
D602	100	100	黑色恶蛆0	100	1	15

;地牢一层北
;--------------------------------------------------
D603	60	150	蜈蚣		60	8	7
D603	60	150	钳虫		60	8	7
D603	60	150	黑色恶蛆	60	8	6
D603	76	94	蜈蚣		60	8	7
D603	76	94	钳虫		60	8	7
D603	76	94	黑色恶蛆	60	8	6
D603	100	100	蜈蚣		100	8	10	50
D603	100	100	蜈蚣		100	8	10	50
D603	100	100	钳虫		100	8	10	50
D603	100	100	钳虫		100	8	10	50
D603	100	100	邪恶钳虫	100	1	180
D603	138	161	蜈蚣		60	8	7
D603	138	161	钳虫		60	8	7
D603	138	161	黑色恶蛆	60	8	6
D603	159	59	蜈蚣		60	8	7
D603	159	59	钳虫		60	8	7
D603	159	59	黑色恶蛆	60	8	6
D603	100	100	蜈蚣0		100	1	15
D603	100	100	钳虫0		100	1	15
D603	100	100	黑色恶蛆0	100	1	15

;地牢一层西
;--------------------------------------------------
D604	35	42	蜈蚣		60	8	7
D604	35	42	钳虫		60	8	7
D604	35	42	跳跳蜂		60	8	7
D604	35	42	黑色恶蛆	60	8	7
D604	52	130	蜈蚣		60	8	7
D604	52	130	钳虫		60	8	7
D604	52	130	跳跳蜂		60	8	7
D604	52	130	黑色恶蛆	60	8	7
D604	118	112	蜈蚣		60	8	7
D604	118	112	钳虫		60	8	7
D604	118	112	跳跳蜂		60	8	7
D604	118	112	黑色恶蛆	60	8	7
D604	148	50	蜈蚣		60	8	7
D604	148	50	钳虫		60	8	7
D604	148	50	跳跳蜂		60	8	7
D604	148	50	黑色恶蛆	60	8	7
D604	100	100	蜈蚣		100	8	10	50
D604	100	100	蜈蚣		100	8	10	50
D604	100	100	钳虫		100	8	10	50
D604	100	100	钳虫		100	8	10	50
D604	100	100	邪恶钳虫	100	1	180
D604	100	100	蜈蚣0		100	1	15
D604	100	100	钳虫0		100	1	15
D604	100	100	跳跳蜂0		100	1	15
D604	100	100	黑色恶蛆0	100	1	15

;地牢一层北
;--------------------------------------------------
D605	51	131	蜈蚣		50	7	7
D605	51	131	钳虫		50	7	7
D605	51	131	巨型蠕虫	50	7	7
D605	51	131	黑色恶蛆	50	7	7
D605	55	27	蜈蚣		50	7	7
D605	55	27	钳虫		50	7	7
D605	55	27	巨型蠕虫	50	7	7
D605	55	27	黑色恶蛆	50	7	7
D605	89	81	蜈蚣		50	7	7
D605	89	81	钳虫		50	7	7
D605	89	81	巨型蠕虫	50	7	7
D605	89	81	黑色恶蛆	50	7	7
D605	126	37	蜈蚣		50	7	7
D605	126	37	钳虫		50	7	7
D605	126	37	巨型蠕虫	50	7	7
D605	126	37	黑色恶蛆	50	7	7
D605	162	92	巨型蠕虫	50	7	7
D605	162	92	黑色恶蛆	50	7	7
D605	162	92	钳虫		50	7	7
D605	162	92	蜈蚣		50	7	7
D605	100	100	钳虫		100	7	10	50
D605	100	100	钳虫		100	7	10	50
D605	100	100	蜈蚣		100	7	10	50
D605	100	100	蜈蚣		100	7	10	50
D605	100	100	邪恶钳虫	100	1	180
D605	100	100	蜈蚣0		100	1	15
D605	100	100	钳虫0		100	1	15
D605	100	100	巨型蠕虫0	100	1	15
D605	100	100	黑色恶蛆0	100	1	15

;死亡棺材
;--------------------------------------------------
D606	19	39	钳虫		70	11	7
D606	19	39	跳跳蜂		70	11	7
D606	19	39	巨型蠕虫	70	11	7
D606	19	39	黑色恶蛆	70	11	7
D606	57	166	钳虫		70	11	7
D606	57	166	跳跳蜂		70	11	7
D606	57	166	巨型蠕虫	70	11	7
D606	57	166	黑色恶蛆	70	11	7
D606	97	81	钳虫		70	11	7
D606	97	81	跳跳蜂		70	11	7
D606	97	81	巨型蠕虫	70	11	7
D606	97	81	黑色恶蛆	70	11	7
D606	100	100	蜈蚣		100	20	7
D606	100	100	蜈蚣		100	10	10	50
D606	100	100	蜈蚣		100	10	10	50
D606	100	100	钳虫		100	10	10	50
D606	100	100	钳虫		100	10	10	50
D606	83	168	触龙神		100	1	180
D606	100	100	邪恶钳虫	100	2	180
D606	178	127	跳跳蜂		70	11	7
D606	178	127	黑色恶蛆	70	11	7
D606	178	127	巨型蠕虫	70	11	7
D606	178	127	钳虫		70	11	7
D606	100	100	蜈蚣0		50	1	10
D606	100	100	钳虫0		50	1	10
D606	100	100	跳跳蜂0		50	1	10
D606	100	100	巨型蠕虫0	50	1	10

;黑暗地带
;--------------------------------------------------
D612	19	39	钳虫		70	10	7
D612	57	166	钳虫		70	10	7
D612	70	76	钳虫		70	10	7
D612	70	76	跳跳蜂		70	10	7
D612	70	76	跳跳蜂		70	10	7
D612	70	76	巨型蠕虫	70	10	7
D612	70	76	黑色恶蛆	70	10	7
D612	79	220	钳虫		70	10	7
D612	79	220	跳跳蜂		70	10	7
D612	79	220	巨型蠕虫	70	10	7
D612	79	220	黑色恶蛆	70	10	7
D612	97	81	钳虫		70	10	7
D612	150	134	钳虫		70	10	7
D612	150	150	蜈蚣		100	10	10
D612	150	150	蜈蚣		100	10	10
D612	150	150	钳虫		100	10	10
D612	150	150	钳虫		100	10	10
D612	178	127	钳虫		70	10	7
D612	200	213	钳虫		70	10	7
D612	200	213	跳跳蜂		70	10	7
D612	200	213	巨型蠕虫	70	10	7
D612	200	213	黑色恶蛆	70	10	7
D612	210	72	钳虫		70	10	7
D612	210	72	跳跳蜂		70	10	7
D612	210	72	黑色恶蛆	70	10	7
D612	210	72	巨型蠕虫	70	10	7
D612	150	150	邪恶钳虫	150	1	120
D612	150	150	邪恶钳虫2	150	1	60

;生死之间
;--------------------------------------------------
D613	19	17	钳虫		50	8	7
D613	41	23	钳虫		50	10	7
D613	52	33	钳虫		50	10	7
D613	64	47	钳虫		50	8	7
D613	79	54	钳虫		50	10	7
D613	77	74	钳虫		50	10	7
D613	53	76	钳虫		50	8	7
D613	44	59	钳虫		50	10	7
D613	28	62	钳虫		50	10	7
D613	18	56	钳虫		50	8	7
D613	50	50	蜈蚣		70	10	7
D613	50	50	跳跳蜂		70	10	7
D613	50	50	巨型蠕虫	70	10	7
D613	50	50	黑色恶蛆	70	10	7
D613	50	50	蜈蚣0		70	1	15
D613	50	50	钳虫0		70	1	15
D613	50	50	跳跳蜂0		70	1	15
D613	50	50	巨型蠕虫0	70	1	15
D613	50	50	黑色恶蛆0	70	1	15
D613	50	50	邪恶钳虫2	70	1	15

;传奇部落
;--------------------------------------------------
D614	67	79	黑色恶蛆	50	8	7
D614	53	71	黑色恶蛆	50	10	7
D614	23	82	黑色恶蛆	50	10	7
D614	27	62	黑色恶蛆	50	8	7
D614	18	29	黑色恶蛆	50	10	7
D614	42	22	黑色恶蛆	50	10	7
D614	60	20	黑色恶蛆	50	8	7
D614	77	32	黑色恶蛆	50	10	7
D614	60	48	黑色恶蛆	50	10	7
D614	87	24	黑色恶蛆	50	8	7
D614	50	50	蜈蚣		70	10	7
D614	50	50	钳虫		70	10	7
D614	50	50	跳跳蜂		70	10	7
D614	50	50	巨型蠕虫	70	10	7
D614	50	50	蜈蚣0		70	1	15
D614	50	50	钳虫0		70	1	15
D614	50	50	跳跳蜂0		70	1	15
D614	50	50	巨型蠕虫0	70	1	15
D614	50	50	黑色恶蛆0	70	1	15
D614	50	50	邪恶钳虫2	70	1	15

;邪恶势力
;--------------------------------------------------
D615	82	78	巨型蠕虫	50	8	7
D615	81	54	巨型蠕虫	50	10	7
D615	79	30	巨型蠕虫	50	10	7
D615	60	22	巨型蠕虫	50	8	7
D615	44	16	巨型蠕虫	50	10	7
D615	16	58	巨型蠕虫	50	8	7
D615	17	81	巨型蠕虫	50	10	7
D615	51	55	巨型蠕虫	50	10	7
D615	49	81	巨型蠕虫	50	8	7
D615	50	50	蜈蚣		70	12	7
D615	50	50	钳虫		70	12	7
D615	50	50	跳跳蜂		70	12	7
D615	50	50	黑色恶蛆	70	12	7
D615	50	50	蜈蚣0		70	1	15
D615	50	50	钳虫0		70	1	15
D615	50	50	跳跳蜂0		70	1	15
D615	50	50	巨型蠕虫0	70	1	15
D615	50	50	黑色恶蛆0	70	1	15
D615	50	50	邪恶钳虫2	70	1	60

;幽明圣域
;--------------------------------------------------
D616	20	21	跳跳蜂		50	8	7
D616	23	38	跳跳蜂		50	8	7
D616	25	62	跳跳蜂		50	8	7
D616	11	71	跳跳蜂		50	8	7
D616	62	66	跳跳蜂		50	8	7
D616	59	27	跳跳蜂		50	8	7
D616	77	85	跳跳蜂		50	8	7
D616	83	55	跳跳蜂		50	8	7
D616	73	44	跳跳蜂		50	8	7
D616	82	21	跳跳蜂		50	8	7
D616	50	50	蜈蚣		70	8	7
D616	50	50	钳虫		70	8	7
D616	50	50	巨型蠕虫	70	8	7
D616	50	50	黑色恶蛆	70	8	7
D616	50	50	蜈蚣0		70	1	15
D616	50	50	钳虫0		70	1	15
D616	50	50	跳跳蜂0		70	1	15
D616	50	50	巨型蠕虫0	70	1	15
D616	50	50	黑色恶蛆0	70	1	15
D616	50	50	邪恶钳虫2	70	1	60

;恐怖空间
;--------------------------------------------------
D617	51	45	蜈蚣		50	8	7
D617	28	35	蜈蚣		50	8	7
D617	20	66	蜈蚣		50	8	7
D617	45	81	蜈蚣		50	8	7
D617	69	84	蜈蚣		50	8	7
D617	69	61	蜈蚣		50	8	7
D617	83	42	蜈蚣		50	8	7
D617	80	17	蜈蚣		50	8	7
D617	87	72	蜈蚣		50	8	7
D617	82	21	蜈蚣		50	8	7
D617	50	50	钳虫		70	10	7
D617	50	50	跳跳蜂		70	10	7
D617	50	50	巨型蠕虫	70	10	7
D617	50	50	黑色恶蛆	70	10	7
D617	50	50	蜈蚣0		70	1	15
D617	50	50	钳虫0		70	1	15
D617	50	50	跳跳蜂0		70	1	15
D617	50	50	巨型蠕虫0	70	1	15
D617	50	50	黑色恶蛆0	70	1	15
D617	50	50	邪恶钳虫2	70	1	60

;一线天
;--------------------------------------------------
D618	19	39	钳虫		70	10	7
D618	19	39	跳跳蜂		70	10	7
D618	19	39	巨型蠕虫	70	10	7
D618	19	39	黑色恶蛆	70	10	7
D618	57	166	钳虫		70	10	7
D618	57	166	跳跳蜂		70	10	7
D618	57	166	巨型蠕虫	70	10	7
D618	57	166	黑色恶蛆	70	10	7
D618	97	81	钳虫		70	10	7
D618	97	81	跳跳蜂		70	10	7
D618	97	81	巨型蠕虫	70	10	7
D618	97	81	黑色恶蛆	70	10	7
D618	178	127	钳虫		70	10	7
D618	178	127	跳跳蜂		70	10	7
D618	178	127	巨型蠕虫	70	10	7
D618	178	127	黑色恶蛆	70	10	7
D618	100	100	蜈蚣		100	8	7
D618	100	100	蜈蚣		100	8	10
D618	100	100	蜈蚣		100	8	10
D618	100	100	钳虫		100	8	10
D618	100	100	钳虫		100	8	10
D618	100	100	邪恶钳虫	100	1	120
D618	100	100	蜈蚣0		70	1	15
D618	100	100	钳虫0		70	1	15
D618	100	100	跳跳蜂0		70	1	15
D618	100	100	巨型蠕虫0	70	1	15
D618	100	100	黑色恶蛆0	70	1	15
D618	100	100	邪恶钳虫2	100	1	30
D618	150	150	蜈蚣0		100	1	10
D618	150	150	钳虫0		100	1	10
D618	150	150	跳跳蜂0		100	1	10
D618	150	150	巨型蠕虫0	100	1	10
D618	150	150	黑色恶蛆0	100	1	10

;白日门
;--------------------------------------------------
11	250	250	食人花		150	10	20
11	250	250	半兽人		150	20	20
11	250	250	毒蜘蛛		150	20	20
11	250	250	森林雪人	150	20	20
11	250	250	半兽战士	150	20	20
11	250	250	半兽勇士2	150	30	10
11	250	250	半兽统领	150	4	60
11	250	250	天狼蜘蛛	150	15	20
11	250	250	剧毒蜘蛛	150	10	30
11	250	250	天狼蜘蛛3	200	1	60
11	400	300	雪人王		200	1	60
11	400	300	多钩猫王	200	1	60
11	400	300	钉耙猫王	200	1	60

;丛林迷宫西北
;--------------------------------------------------
12	100	100	天狼蜘蛛	100	10	5
12	100	100	暴牙蜘蛛	100	10	5
12	100	100	钢牙蜘蛛	100	10	5
12	100	100	花吻蜘蛛	100	10	5
12	100	100	黑锷蜘蛛	100	10	5
;12	100	100	幻影蜘蛛	100	10	5
12	100	100	钢牙蜘蛛0	100	2	60
12	100	100	钢牙蜘蛛3	100	1	60

;丛林迷宫西南
;--------------------------------------------------
12	100	300	天狼蜘蛛	100	10	5
12	100	300	暴牙蜘蛛	100	10	5
12	100	300	钢牙蜘蛛	100	10	5
12	100	300	花吻蜘蛛	100	10	5
12	100	300	黑锷蜘蛛	100	10	5
;12	100	300	幻影蜘蛛	100	10	5
12	100	300	黑锷蜘蛛0	100	2	60

;丛林迷宫东北
;--------------------------------------------------
12	300	100	天狼蜘蛛	100	10	5
12	300	100	暴牙蜘蛛	100	10	5
12	300	100	钢牙蜘蛛	100	10	5
12	300	100	花吻蜘蛛	100	10	5
12	300	100	黑锷蜘蛛	100	10	5
;12	300	100	幻影蜘蛛	100	10	5
12	300	100	花吻蜘蛛0	100	2	60
12	300	100	钢牙蜘蛛3	100	5	40

;丛林迷宫东南
;--------------------------------------------------
12	300	300	天狼蜘蛛	100	10	5
12	300	300	暴牙蜘蛛	100	10	5
12	300	300	钢牙蜘蛛	100	10	5
12	300	300	花吻蜘蛛	100	10	5
12	300	300	黑锷蜘蛛	100	10	5
12	300	300	花吻蜘蛛3	100	2	60
;12	300	300	幻影蜘蛛	100	1	5

;丛林迷宫中部
;--------------------------------------------------
12	200	200	天狼蜘蛛	100	10	5
12	200	200	暴牙蜘蛛	100	10	5
12	200	200	钢牙蜘蛛	100	10	5
12	200	200	花吻蜘蛛	100	10	5
12	200	200	黑锷蜘蛛	100	10	5
;12	200	200	幻影蜘蛛	100	5	5
12	200	200	天狼蜘蛛0	100	2	60
12	200	200	钢牙蜘蛛3	100	5	40

;赤月峡谷北入口
;--------------------------------------------------
D10011	200	200	天狼蜘蛛	200	35	5
D10011	200	200	暴牙蜘蛛	200	20	5
D10011	200	200	钢牙蜘蛛	200	20	5
D10011	200	200	月魔蜘蛛	200	35	5
;D10011	200	200	幻影蜘蛛	200	15	5
D10011	200	200	天狼蜘蛛0	200	20	60
D10011	200	200	钢牙蜘蛛0	200	10	60

;赤月峡谷南入口
;--------------------------------------------------
D10012	150	150	暴牙蜘蛛	150	30	5
D10012	150	150	钢牙蜘蛛	150	30	5
D10012	150	150	花吻蜘蛛	150	30	5
D10012	150	150	月魔蜘蛛	150	30	5
;D10012	150	150	幻影蜘蛛	150	20	5
D10012	150	150	花吻蜘蛛0	150	15	60
D10012	150	150	钢牙蜘蛛0	150	20	60

;赤月峡谷东入口
;--------------------------------------------------
D10013	150	150	花吻蜘蛛	150	30	5
D10013	150	150	月魔蜘蛛	150	30	5
D10013	150	150	黑锷蜘蛛	150	30	5
;D10013	150	150	幻影蜘蛛	150	15	5
D10013	150	150	花吻蜘蛛0	150	15	60
D10013	150	150	黑锷蜘蛛0	150	20	60

;赤月峡谷广场
;--------------------------------------------------
D1002	150	150	花吻蜘蛛	150	40	5
D1002	150	150	月魔蜘蛛	150	40	5
D1002	150	150	黑锷蜘蛛	150	40	5
;D1002	150	150	幻影蜘蛛	150	15	5
D1002	150	150	花吻蜘蛛0	150	15	60
D1002	150	150	黑锷蜘蛛0	150	20	60

;左回廊
;--------------------------------------------------
D10031	150	150	花吻蜘蛛	150	40	5
D10031	150	150	月魔蜘蛛	150	40	5
D10031	150	150	黑锷蜘蛛	150	40	5
;D10031	150	150	幻影蜘蛛	150	15	5
D10031	150	150	花吻蜘蛛0	150	12	60
D10031	150	150	黑锷蜘蛛0	150	12	60
D10031	150	150	邪恶巨人	150	2	5

;右回廊
;--------------------------------------------------
D10032	150	150	花吻蜘蛛	150	40	5
D10032	150	150	月魔蜘蛛	150	40	5
D10032	150	150	黑锷蜘蛛	150	40	5
;D10032	150	150	幻影蜘蛛	150	15	5
D10032	150	150	花吻蜘蛛0	150	12	60
D10032	150	150	黑锷蜘蛛0	150	12	60
D10032	150	150	邪恶巨人	150	20	20

;抉择之地
;--------------------------------------------------
D1004	150	150	花吻蜘蛛	150	30	5
D1004	150	150	月魔蜘蛛	150	30	5
;D1004	150	150	幻影蜘蛛	150	15	5
D1004	150	150	血巨人		150	5	60
D1004	150	150	邪恶巨人	150	20	20
D1004	150	150	血巨人0		150	1	60
D1004	150	150	邪恶巨人0	150	1	60
D1004	150	150	花吻蜘蛛0	150	12	60

;山谷秘道
;--------------------------------------------------
D10051	150	150	月魔蜘蛛	150	30	5
D10051	150	150	黑锷蜘蛛	150	30	5
;D10051	150	150	幻影蜘蛛	150	15	5
D10051	150	150	邪恶巨人	150	15	5
D10051	150	150	血巨人		150	5	60
D10051	150	150	血僵尸		150	5	60
D10051	150	150	血巨人0		150	1	60
D10051	150	150	血僵尸0		150	1	60
D10051	150	150	邪恶巨人0	150	1	60
D10051	150	150	黑锷蜘蛛0	150	25	60

;山谷秘道
;--------------------------------------------------
D10052	150	150	月魔蜘蛛	150	30	5
D10052	150	150	黑锷蜘蛛	150	30	5
;D10052	150	150	幻影蜘蛛	150	15	5
D10052	150	150	邪恶巨人	150	15	5
D10052	150	150	血巨人		150	5	60
D10052	150	150	血僵尸		150	5	60
D10052	150	150	血巨人0		150	1	60
D10052	150	150	血僵尸0		150	1	60
D10052	150	150	邪恶巨人0	150	1	60
D10052	150	150	黑锷蜘蛛0	150	18	60

;赤月魔穴
;--------------------------------------------------
D10062	17	21	月魔蜘蛛	25	5	3
D10062	17	21	黑锷蜘蛛	25	5	5
D10062	17	21	黑锷蜘蛛3	25	3	5
D10062	17	21	双头血魔	25	2	60
D10062	17	21	邪恶巨人	25	5	3
D10062	17	21	双头金刚	25	2	60
D10062	17	21	血巨人3		25	3	120
D10062	17	21	血僵尸3		25	3	120
D10062	23	18	赤月恶魔	0	1	180

;封魔谷
;--------------------------------------------------
4	255	230	骷髅		500	40	10
4	255	230	僵尸1		500	30	10
4	255	230	僵尸2		500	30	10
4	255	230	僵尸3		500	30	10
4	255	230	僵尸4		500	30	10
4	255	230	僵尸5		500	30	10
4	255	230	掷斧骷髅	500	40	10
4	255	230	骷髅战士	500	50	10
4	255	230	骷髅战将	500	40	10
4	255	230	骷髅精灵1	500	2	10
4	255	230	半兽勇士1	500	40	10
4	255	230	半兽统领	500	2	10
4	123	404	千年树妖	0	1	360
4	255	230	骷髅0		500	40	10
4	255	230	掷斧骷髅0	500	20	10
4	255	230	骷髅战士0	500	40	10
4	255	230	骷髅战将0	500	40	10
4	255	230	掷斧骷髅9	500	20	10
4	255	230	骷髅精灵10	500	2	60
4	255	230	半兽勇士10	500	40	10

;封魔堡
;--------------------------------------------------
B341	18	19	沃玛卫士	20	2	60


;封魔矿区
;--------------------------------------------------
D2000	100	100	洞蛆		100	30	10
D2000	100	100	僵尸2		100	35	10
D2000	100	100	僵尸3		100	35	10
D2000	100	100	僵尸20		100	3	80
D2000	100	100	僵尸30		100	3	80

;崎路
;--------------------------------------------------
D2001	238	120	僵尸1		200	20	10
D2001	238	120	僵尸2		200	20	10
D2001	238	120	僵尸3		200	20	10
D2001	238	120	僵尸4		200	20	10
D2001	238	120	僵尸5		200	20	10
D2001	238	120	僵尸1		200	20	10
D2001	238	120	僵尸2		200	20	10
D2001	238	120	僵尸3		200	20	10
D2001	238	120	僵尸4		200	20	10
D2001	238	120	僵尸5		200	20	10
D2001	238	120	僵尸10		100	5	10
D2001	238	120	僵尸20		100	5	10
D2001	238	120	僵尸30		100	5	10
D2001	238	120	僵尸40		100	5	10
D2001	238	120	僵尸50		100	5	10
D2001	238	120	僵尸10		200	5	10
D2001	238	120	僵尸20		200	5	10
D2001	238	120	僵尸30		200	5	10
D2001	238	120	僵尸40		200	5	10
D2001	238	120	僵尸50		200	5	10

;连接通道
;--------------------------------------------------
D2002	21	23	僵尸1		30	7	5
D2002	21	23	僵尸2		30	7	5
D2002	21	23	僵尸3		30	7	5
D2002	21	23	僵尸4		30	7	5
D2002	21	23	僵尸5		30	7	5
D2002	21	23	僵尸10		30	1	10
D2002	21	23	僵尸20		30	1	10
D2002	21	23	僵尸30		30	1	10
D2002	21	23	僵尸40		30	1	10
D2002	21	23	僵尸50		30	1	10
D2002	21	23	尸王		30	1	60
D2002	21	23	尸王3		30	1	30
D2002	21	23	尸王3		30	1	30
D2002	21	23	尸王3		30	1	30

;疾风殿
;--------------------------------------------------
D2004	49	44	红野猪		100	30	10
D2004	49	44	黑野猪		100	30	10
D2004	49	44	红野猪3		100	10	10
D2004	49	44	黑野猪3		100	10	10
D2004	49	44	黑野猪0		100	1	10
D2004	49	44	红野猪0		100	1	10

;光芒回廊
;--------------------------------------------------
D2005	41	44	楔蛾		100	20	10
D2005	41	44	红野猪		100	30	10
D2005	41	44	黑野猪		100	30	10
D2005	41	44	黑色恶蛆	100	30	10
D2005	41	44	红野猪3		100	10	10
D2005	41	44	白野猪0		100	10	10
D2005	41	44	白野猪		100	1	10
D2005	41	44	白野猪		20	1	10

;烈焰殿
;--------------------------------------------------
D2006	31	38	角蝇		100	5	30
D2006	31	38	楔蛾		100	20	10
D2006	31	38	黑野猪		100	30	10
D2006	31	38	红野猪		100	30	10
D2006	31	38	白野猪		100	2	30
D2006	31	38	红野猪3		100	20	10
D2006	31	38	黑野猪3		100	20	10
D2006	31	38	白野猪0		40	10	10
D2006	31	38	黑色恶蛆	100	30	10
D2006	31	38	虹魔猪卫	40	1	60

;雷霆之路
;--------------------------------------------------
D2007	140	135	角蝇		500	5	10
D2007	140	135	楔蛾		500	20	10
D2007	140	135	红野猪		500	20	10
D2007	140	135	黑野猪		500	20	10
D2007	140	135	白野猪0		500	10	10

;秘密通道
;--------------------------------------------------
D10054	75	75	楔蛾		75	25	10
D10054	75	75	蝎蛇		75	15	10
D10054	75	75	红野猪		75	30	10
D10054	75	75	黑野猪		75	30	10
D10054	75	75	黑色恶蛆	75	30	10
D10054	75	75	白野猪0		75	15	10
D10054	75	75	白野猪		75	2	30
D10054	155	231	虹魔猪卫	75	1	60

;霸者大厅
;--------------------------------------------------
D2008	41	74	角蝇		100	5	60
D2008	41	74	楔蛾		100	20	10
D2008	41	74	蝎蛇		100	10	10
D2008	41	74	大老鼠		100	10	10
D2008	41	74	红野猪		100	20	10
D2008	41	74	黑野猪		100	20	10
D2008	41	74	白野猪0		100	15	10
D2008	41	74	黑色恶蛆	100	30	10
D2008	41	74	黑野猪3		100	30	10
D2008	41	74	红野猪3		100	20	10
D2008	41	74	白野猪		100	2	30

;幽冥回廊
;--------------------------------------------------
D2009	41	44	楔蛾		100	20	10
D2009	41	44	蝎蛇		20	5	10
D2009	41	44	蝎蛇		100	20	10
D2009	41	44	红野猪		100	20	10
D2009	41	44	黑野猪		100	20	10
D2009	41	44	白野猪		40	2	10
D2009	41	44	虹魔蝎卫	40	1	60
D2009	41	44	白野猪0		100	10	10
D2009	41	44	红野猪3		100	20	10
D2009	41	44	黑野猪3		100	20	10

;纵横道
;--------------------------------------------------
D2010	155	231	楔蛾		500	20	10
D2010	155	231	蝎蛇		500	20	10
D2010	155	231	红野猪		500	20	10
D2010	155	231	黑野猪		500	20	10
D2010	155	231	白野猪0		500	20	10
D2010	155	231	黑色恶蛆	500	20	10
D2010	155	231	红野猪3		500	20	10
D2010	155	231	黑野猪3		500	20	10
D2010	155	231	邪恶毒蛇	500	4	60
D2010	155	231	虹魔猪卫	500	1	60
D2010	155	231	虹魔猪卫0	500	1	30

;秘密通道
;--------------------------------------------------
D10053	75	75	楔蛾		75	25	10
D10053	75	75	蝎蛇		75	15	10
D10053	75	75	红野猪		75	30	10
D10053	75	75	黑野猪		75	30	10
D10053	75	75	黑色恶蛆	75	30	10
D10053	75	75	白野猪0		75	15	10
D10053	75	75	白野猪		75	2	30
D10054	155	231	虹魔蝎卫	75	1	60

;魔魂殿
;--------------------------------------------------
D2011	32	31	楔蛾		50	20	10
D2011	32	31	蝎蛇		50	20	10
D2011	32	31	红野猪3		50	20	10
D2011	32	31	黑野猪3		50	20	10
D2011	32	31	白野猪		50	3	10
D2011	32	31	白野猪0		50	20	10
D2011	32	31	祖玛雕像	20	20	10
D2011	32	31	祖玛卫士	50	20	10
D2011	32	31	祖玛弓箭手	50	20	10
D2011	32	31	祖玛弓箭手3	50	5	10
D2011	32	31	虹魔蝎卫	5	1	60
D2011	32	31	虹魔蝎卫0	5	1	30

;炼狱回廊
;--------------------------------------------------
D2012	48	47	楔蛾		50	15	10
D2012	48	47	蝎蛇		50	15	10
D2012	48	47	红野猪3		50	10	10
D2012	48	47	黑野猪3		50	10	10
D2012	48	47	白野猪0		50	10	10
D2012	48	47	大老鼠		50	20	10
D2012	48	47	祖玛雕像0	50	20	10
D2012	48	47	祖玛卫士	50	15	10
D2012	48	47	祖玛卫士3	50	5	10
D2012	48	47	祖玛弓箭手	50	20	10
D2012	48	47	祖玛弓箭手3	50	5	10
D2012	48	47	虹魔蝎卫	50	1	60
D2012	48	47	虹魔猪卫	50	1	60

;封魔殿
;--------------------------------------------------
D2013	43	44	角蝇		100	5	10
D2013	43	44	楔蛾		100	30	10
D2013	43	44	黑色恶蛆	100	30	10
D2013	43	44	祖玛雕像	100	30	30
D2013	43	44	祖玛雕像0	100	10	30
D2013	43	44	祖玛雕像3	100	10	30
D2013	43	44	祖玛卫士	100	30	30
D2013	43	44	祖玛卫士3	100	10	30
D2013	43	44	祖玛卫士10	100	10	30
D2013	43	44	祖玛弓箭手	100	30	30	
D2013	43	44	祖玛弓箭手0	100	10	30
D2013	43	44	祖玛弓箭手3	100	10	30
D2013	43	44	虹魔猪卫	100	1	120
D2013	43	44	虹魔猪卫0	100	1	60
D2013	43	44	虹魔蝎卫	100	1	60
D2013	43	44	虹魔蝎卫0	100	1	60
D2013	55	55	虹魔教主	50	1	120
D2013	55	55	虹魔教主0	50	1	180

;同心小径
;--------------------------------------------------
M100	30	40	蝎蛇		500	15	7
M100	30	40	红野猪		500	20	7
M100	30	40	黑野猪		500	20	7
M100	30	40	白野猪		500	3	7
M100	30	40	红野猪0		500	20	7
M100	30	40	黑野猪0		500	20	7
M100	30	40	白野猪0		500	3	7
M100	30	40	虹魔猪卫	500	1	30
M100	30	40	虹魔猪卫0	500	1	60

;苍月岛
;--------------------------------------------------
5	162	220	宝箱		50	10	30
5	162	220	宝箱0		500	1	60
5	162	220	骷髅0		200	50	30
5	162	220	骷髅战士0	150	50	30
5	162	220	半兽人		200	10	30
5	162	220	半兽战士	200	30	30
5	400	400	半兽战士	50	30	30
5	400	400	半兽勇士1	400	10	40
5	400	400	半兽勇士10	400	20	60

;尸魔洞一层
;--------------------------------------------------
D2051	100	110	恶灵僵尸	100	40	15
D2051	100	110	恶灵尸王	100	35	15
D2051	100	110	恶灵僵尸0	100	5	15
D2051	100	110	恶灵尸王0	100	5	15

;尸魔洞三层
;--------------------------------------------------
D2052	50	50	恶灵僵尸	50	30	15	
D2052	50	50	恶灵尸王	50	25	15
D2052	50	50	恶灵僵尸0	50	5	15
D2052	50	50	恶灵尸王0	50	5	15

;尸魔洞二层
;--------------------------------------------------
D2053	150	160	恶灵僵尸	150	60	10
D2053	150	160	恶灵尸王	150	50	10
D2053	150	160	恶灵僵尸0	150	5	10	
D2053	150	160	恶灵尸王0	150	5	10

;骨魔洞一层
;--------------------------------------------------
D2061	100	100	骷髅弓箭手	100	35	20
D2061	100	100	骷髅长枪兵	100	35	20
D2061	100	100	骷髅刀斧手	100	35	20
D2061	100	100	恶灵僵尸	100	35	20
D2061	100	100	恶灵尸王	100	35	20

;骨魔洞二层
;--------------------------------------------------
D2062	100	90	骷髅长枪兵	100	40	25
D2062	100	90	骷髅刀斧手	100	40	25
D2062	100	90	骷髅弓箭手	100	40	25
D2062	100	90	骷髅弓箭手0	100	2	25

;骨魔洞三层
;--------------------------------------------------
D2063	100	90	恶灵尸王	100	30	25
D2063	100	90	骷髅刀斧手	100	40	25
D2063	100	90	骷髅长枪兵	100	40	25
D2063	100	90	骷髅弓箭手	100	40	25
D2063	100	90	骷髅刀斧手0	100	2	25

;骨魔洞四层
;--------------------------------------------------
D2064	110	115	恶灵僵尸	100	40	25
D2064	110	115	恶灵尸王	100	40	25
D2064	110	115	骷髅锤兵	100	40	20
D2064	110	115	骷髅弓箭手	100	40	20
D2064	110	115	骷髅长枪兵	100	40	20
D2064	110	115	恶灵僵尸0	100	5	25

;骨魔洞五层
;--------------------------------------------------
D2067	150	160	骷髅锤兵	150	35	20
D2067	150	160	骷髅锤兵	150	35	25
D2067	150	160	骷髅长枪兵	150	35	20
D2067	150	160	骷髅长枪兵	150	35	25
D2067	150	160	骷髅刀斧手	150	35	20
D2067	150	160	骷髅弓箭手	150	35	25
D2067	100	100	黄泉教主	5	1	60
D2067	150	160	骷髅锤兵0	150	2	30
D2067	150	160	骷髅锤兵0	150	2	30
D2067	150	160	骷髅长枪兵0	150	3	30	
D2067	150	160	骷髅刀斧手0	150	5	30
D2067	150	160	黄泉教主0	150	1	180

;牛魔寺庙一层
;--------------------------------------------------
D2071	150	150	牛头魔		150	50	15
D2071	150	150	牛魔斗士	150	50	15
D2071	150	150	牛魔战士	150	50	15
2071	150	150	牛头魔0		150	3	20
D2071	150	150	牛魔斗士0	150	3	20
D2071	150	150	牛魔战士0	150	3	20

;牛魔寺庙二层
;--------------------------------------------------
D2072	150	170	牛头魔		150	60	20
D2072	150	170	牛魔斗士	150	60	20	
D2072	150	170	牛魔战士	150	60	20
D2072	150	170	牛魔法师	150	20	20
D2072	150	170	牛魔斗士0	150	2	20
D2072	150	170	牛魔法师0	150	5	20

;牛魔寺庙三层
;--------------------------------------------------
D2073	200	220	牛头魔		200	50	20
D2073	200	220	牛魔斗士	200	50	20
D2073	200	220	牛魔战士	200	50	20
D2073	200	220	牛魔侍卫	200	50	20
D2073	200	220	牛魔法师	200	30	20
D2073	200	220	牛魔祭司	200	20	20
D2073	200	220	牛头魔0		200	10	20
D2073	200	220	牛魔斗士0	200	10	20
D2073	200	220	牛魔战士0	200	5	20
D2073	200	220	牛魔法师0	200	3	20
D2073	200	220	牛魔祭司0	200	3	20
D2073	200	220	牛魔将军	200	10	20
D2073	200	220	牛魔将军0	200	2	20

;牛魔寺庙四层
;--------------------------------------------------
D2075	250	250	牛头魔		250	50	20
D2075	250	250	牛魔斗士	250	50	20
D2075	100	100	牛魔战士	100	50	20
D2075	100	100	牛魔将军	100	40	20
D2075	100	100	牛魔法师	100	30	20
D2075	250	250	牛魔祭司	250	20	20
D2075	250	250	牛头魔0		250	5	20
D2075	200	200	牛魔斗士0	200	5	20
D2075	100	100	牛魔战士0	100	5	20
D2075	100	100	牛魔将军0	100	5	20
D2075	100	100	牛魔法师0	100	5	20
D2075	250	250	牛魔祭司0	250	5	20

;牛魔寺庙五层
;--------------------------------------------------
D2076	100	100	牛头魔		100	30	20
D2076	250	250	牛魔斗士	100	30	20
D2076	100	100	牛魔斗士	100	30	20
D2076	100	100	牛魔侍卫	100	30	20
D2076	100	100	牛魔将军	100	30	20
D2076	250	250	牛魔将军	100	20	20	
D2076	100	100	牛魔祭司	100	20	20	
D2076	250	250	牛头魔0		250	5	20
D2076	250	250	牛魔斗士0	250	5	20
D2076	250	250	牛魔侍卫0	250	5	20
D2076	250	250	牛魔将军0	250	5	20
D2076	250	250	牛魔祭司0	250	5	20

;牛魔寺庙六层
;--------------------------------------------------
D2078	150	150	牛头魔		150	30	30
D2078	150	150	牛头魔		150	30	30
D2078	150	150	牛魔斗士	150	30	30
D2078	150	150	牛魔侍卫	150	30	30
D2078	150	150	牛魔将军	150	20	30
D2078	150	150	牛魔法师	150	20	30
D2078	150	150	牛魔祭司	150	15	30
D2078	150	150	牛魔战士0	150	5	30
D2078	150	150	牛魔将军0	150	1	30
D2078	150	150	牛魔法师0	150	1	30
D2078	150	150	牛魔祭司0	150	1	30
D2078	200	200	牛头魔		150	25	30
D2078	200	200	牛魔斗士	150	25	30
D2078	200	200	牛魔战士	150	25	30
D2078	200	200	牛魔将军	150	20	30
D2078	200	200	牛魔法师	150	15	30
D2078	200	200	牛魔祭司	150	15	30

;牛魔寺庙大厅
;--------------------------------------------------
D2079	52	51	牛头魔		50	20	5
D2079	52	51	牛魔战士	50	20	10
D2079	52	51	牛魔侍卫	50	20	15
D2079	52	51	牛魔将军	50	20	15
D2079	52	51	牛魔法师	50	20	15
D2079	52	51	牛魔祭司	50	15	15
D2079	52	51	牛魔将军0	50	5	30
D2079	52	51	牛魔法师0	50	2	30
D2079	52	51	牛魔祭司0	50	3	30
D2079	52	51	牛魔王		50	1	60
D2079	52	51	牛魔王0		0	1	180

;圣域
;--------------------------------------------------
B102	11	14	圣域教主	10	1	6
B103	11	14	圣域牛魔王	10	1	6
B104	11	14	圣域护卫	10	1	6
B105	11	14	圣域稻草人	10	1	6
B106	11	14	圣域金刚	10	1	6
B107	11	14	圣域雪人	10	1	6
B108	11	14	圣域蛇王	10	1	6
B109	11	14	圣域猪卫	10	1	6
B110	11	14	圣域多钩猫	10	1	6
B111	11	14	圣域杀手	10	1	6
B112	11	14	圣域祭司	10	1	6
B113	11	14	圣域将军	10	1	6
B114	11	14	圣域冥狼	10	1	6
B115	11	14	圣域法师	10	1	6
B116	11	14	圣域斗士	10	1	6
B117	11	14	圣域钉耙猫	10	1	6
B118	11	14	圣域战士	10	1	6
B119	11	14	圣域侍卫	10	1	6
B120	11	14	圣域月魔	10	1	6
B121	11	14	圣域钳虫	10	1	6
B122	11	14	圣域精灵	10	1	6
B123	11	14	圣域魔魂	10	1	6
B124	11	14	圣域长枪兵	10	1	6
B125	11	14	圣域血魔	10	1	6
B126	11	14	圣域修罗	10	1	6
B127	11	14	圣域蝙蝠	10	1	6
B128	11	14	圣域刀斧手	10	1	6
B129	11	14	圣域弓箭手	10	1	6
B130	11	14	圣域半兽人	10	1	6
B131	11	14	圣域蝎卫	10	1	6
B132	11	14	圣域骷髅	10	1	6
B133	11	14	圣域尸王	10	1	6
B134	11	14	圣域蛤蟆	10	1	6
B135	11	14	圣域蝎子	10	1	6

;迷之幻境
;--------------------------------------------------
;幻境一层
H001	75	75	蜈蚣8		75	30	10
H001	75	75	钳虫8		75	30	10	
H001	75	75	跳跳蜂8		75	30	10
H001	75	75	黑色恶蛆8	75	30	10
H001	75	75	恶灵僵尸8	75	30	10
H001	75	75	恶灵僵尸8	75	30	10
H001	75	75	恶灵僵尸8	75	30	10
H001	75	75	恶灵僵尸8	75	30	10
H001	75	75	恶灵尸王8	75	30	10
H001	75	75	骷髅精灵8	75	2	15
H001	75	75	骷髅精灵8	75	2	15
H001	75	75	骷髅精灵8	75	2	15
H001	75	75	尸王8		75	2	15
H001	75	75	尸王8		75	2	30

;幻境二层
;--------------------------------------------------
H002	251	41	红野猪8		30	15	10
H002	321	72	红野猪8		30	15	10
H002	363	146	红野猪8		30	15	10
H002	172	59	红野猪8		30	15	10
H002	210	93	红野猪8		30	15	10
H002	262	140	红野猪8		30	15	10
H002	309	19	红野猪8		30	15	10
H002	350	303	红野猪8		30	15	10
H002	111	105	红野猪8		30	15	10
H002	158	149	红野猪8		30	15	10
H002	200	200	红野猪8		30	15	10
H002	255	306	红野猪8		30	15	10
H002	287	286	红野猪8		30	15	10
H002	56	158	红野猪8		30	15	10
H002	153	237	红野猪8		30	15	10
H002	112	250	红野猪8		30	15	10
H002	114	314	红野猪8		30	15	10
H002	304	340	红野猪8		30	15	10
H002	251	41	黑野猪8		30	15	10
H002	321	72	黑野猪8		30	15	10
H002	363	146	黑野猪8		30	15	10
H002	172	59	黑野猪8		30	15	10
H002	210	93	黑野猪8		30	15	10
H002	262	140	黑野猪8		30	15	10
H002	309	19	黑野猪8		30	15	10
H002	350	303	黑野猪8		30	15	10
H002	111	105	黑野猪8		30	15	10
H002	158	149	黑野猪8		30	15	10
H002	200	200	黑野猪8		30	15	10
H002	255	306	黑野猪8		30	15	10
H002	287	286	黑野猪8		30	10	10
H002	56	158	黑野猪8		30	10	10
H002	153	237	黑野猪8		30	10	10
H002	112	250	黑野猪8		30	10	10
H002	114	314	黑野猪8		30	10	10
H002	304	340	黑野猪8		30	10	10
H002	251	41	红野猪8		30	10	10
H002	321	72	红野猪8		30	10	10
H002	363	146	红野猪8		30	10	10
H002	172	59	红野猪8		30	10	10
H002	210	93	黑野猪8		30	10	10
H002	262	140	黑野猪8		30	10	10
H002	309	19	黑野猪8		30	10	10
H002	350	303	黑野猪8		30	10	10
H002	111	105	黑野猪8		30	10	10
H002	158	149	红野猪8		30	10	10
H002	200	200	红野猪8		30	10	10
H002	255	306	红野猪8		30	10	10
H002	287	286	红野猪8		30	10	10
H002	56	158	红野猪8		30	10	10
H002	153	237	红野猪8		30	10	10
H002	112	250	黑野猪8		30	10	10
H002	114	314	黑野猪8		30	10	10
H002	304	340	黑野猪8		30	10	10
H002	200	200	楔蛾8		200	25	10
H002	200	200	蝎蛇8		200	30	10

;幻境三层
;--------------------------------------------------
H003	40	40	沃玛勇士8	20	5	5	50
H003	40	40	沃玛战将8	20	5	5	50
H003	40	40	火焰沃玛8	20	5	5	50
H003	40	40	沃玛战士8	20	5	5	50
H003	50	50	沃玛勇士8	20	5	5	50
H003	50	50	沃玛战将8	20	5	5	50
H003	50	50	火焰沃玛8	20	5	5	50
H003	50	50	沃玛战士8	20	5	5	50
H003	60	60	沃玛勇士8	20	5	5	50
H003	60	60	沃玛战将8	20	5	5	50
H003	60	60	火焰沃玛8	20	5	5	50
H003	60	60	沃玛战士8	20	5	5	50
H003	40	50	沃玛勇士8	20	5	5
H003	40	50	沃玛战将8	20	5	5
H003	40	50	火焰沃玛8	20	5	5
H003	40	50	沃玛战士8	20	5	5
H003	40	50	沃玛战将8	20	5	5
H003	40	50	火焰沃玛8	20	5	5
H003	40	50	沃玛战将8	20	5	5
H003	50	40	沃玛勇士8	20	5	5
H003	50	40	沃玛战将8	20	5	5
H003	50	40	火焰沃玛8	20	5	5
H003	50	40	沃玛战士8	20	5	5
H003	60	50	沃玛勇士8	20	5	5
H003	60	50	沃玛战将8	20	5	5
H003	60	50	火焰沃玛8	20	5	5
H003	60	50	沃玛战士8	20	5	5
H003	50	60	沃玛勇士8	20	3	5
H003	50	60	沃玛战将8	20	3	5
H003	50	60	火焰沃玛8	20	3	5
H003	50	60	沃玛战士8	20	3	5
H003	20	21	沃玛勇士8	7	3	5
H003	20	21	沃玛战将8	7	3	5
H003	20	21	火焰沃玛8	7	3	5
H003	20	21	沃玛战士8	7	3	5	
H003	50	50	沃玛卫士8	30	2	20

;幻境四层
;--------------------------------------------------
H004	100	100	蜈蚣8		100	40	7
H004	100	100	蜈蚣8		100	10	10	50
H004	100	100	蜈蚣8		100	10	10	50
H004	100	100	钳虫8		100	10	10	50
H004	100	100	钳虫8		100	10	10	50
H004	19	39	钳虫8		70	20	7
H004	97	81	钳虫8		70	20	7
H004	57	166	钳虫8		70	20	7
H004	178	127	钳虫8		70	20	7
H004	19	39	跳跳蜂8		70	15	7
H004	97	81	跳跳蜂8		70	15	7
H004	57	166	跳跳蜂8		70	15	7
H004	178	127	跳跳蜂8		70	15	7
H004	19	39	黑色恶蛆8	70	20	7
H004	97	81	黑色恶蛆8	70	20	7
H004	57	166	黑色恶蛆8	70	20	7
H004	178	127	黑色恶蛆8	70	20	7
H004	19	39	巨型蠕虫8	70	15	7
H004	97	81	巨型蠕虫8	70	15	7
H004	57	166	巨型蠕虫8	70	15	7
H004	178	127	巨型蠕虫8	70	15	7
H004	100	100	蜈蚣8		50	2	20
H004	100	100	钳虫8		50	2	20	
H004	100	100	跳跳蜂8		50	2	20
H004	100	100	巨型蠕虫8	50	2	20
H004	100	100	邪恶钳虫8	100	2	60
H004	83	168	触龙神8		40	1	20
H004	83	168	变异史莱姆8	70	1	20

;幻境五层
;--------------------------------------------------
H005	100	125	骷髅锤兵8	100	20	10
H005	100	125	骷髅锤兵8	100	20	20
H005	100	125	骷髅长枪兵8	100	20	10
H005	100	125	骷髅长枪兵8	100	20	20
H005	100	125	骷髅刀斧手8	100	20	10
H005	100	125	骷髅刀斧手8	100	20	20
H005	100	145	骷髅长枪兵8	100	20	10
H005	100	145	骷髅刀斧手8	100	20	20
H005	100	145	骷髅刀斧手8	100	20	60
H005	145	80	骷髅刀斧手8	100	20	10
H005	145	80	骷髅弓箭手8	100	20	20
H005	200	190	骷髅锤兵8	100	20	10
H005	200	190	骷髅长枪兵8	100	20	20
H005	200	190	骷髅刀斧手8	100	20	10
H005	200	190	骷髅弓箭手8	100	20	20
H005	150	150	黄泉教主8	100	1	120

;幻境六层
;--------------------------------------------------
H006	100	100	楔蛾8		100	25	5
H006	100	100	楔蛾8		100	25	5
H006	100	100	楔蛾8		100	25	5
H006	100	100	蝎蛇8		100	25	5
H006	100	100	黑色恶蛆8	100	25	5
H006	100	100	黑色恶蛆8	100	25	5
H006	100	100	白野猪8		100	5	5
H006	100	100	白野猪8		100	5	5
H006	100	100	白野猪8		100	5	5
H006	100	100	白野猪8		100	2	15
H006	100	100	白野猪8		100	2	10
H006	100	100	邪恶毒蛇8	100	1	20	
H006	82	26	石墓尸王8	0	1	30
H006	83	25	石墓尸王8	0	1	30

;幻境七层
;--------------------------------------------------
H007	100	100	楔蛾8		100	40	10	
H007	100	100	祖玛雕像8	100	40	10
H007	100	100	祖玛卫士8	100	40	10
H007	100	100	祖玛弓箭手8	100	40	10
H007	100	100	祖玛雕像8	100	15	10
H007	100	100	祖玛雕像8	100	15	10	
H007	100	100	祖玛卫士8	100	15	10
H007	100	100	祖玛弓箭手8	100	15	10
H007	100	100	祖玛弓箭手8	100	15	10
H007	100	100	祖玛弓箭手8	100	15	10
H007	100	100	祖玛卫士8	100	2	10

;幻境迷宫
;--------------------------------------------------
T1061	19	24	角蝇8		5	1	10
T1061	19	24	楔蛾8		5	1	10
T1061	19	24	电僵王8		5	1	10
T1061	19	24	重装使者	5	1	240	

;幻境迷宫
;--------------------------------------------------
T2061	19	24	角蝇8		5	1	10
T2061	19	24	楔蛾8		5	1	10
T2061	19	24	电僵王8		5	1	10

;幻境迷宫
;--------------------------------------------------
T2062	19	24	角蝇8		5	1	10
T2062	19	24	楔蛾8		5	1	10
T2062	19	24	电僵王8		5	1	10

;幻境迷宫
;--------------------------------------------------
T2063	19	24	角蝇8		5	1	10
T2063	19	24	楔蛾8		5	1	10
T2063	19	24	电僵王8		5	1	10

;幻境迷宫
;--------------------------------------------------
T3061	19	24	角蝇8		5	1	10
T3061	19	24	楔蛾8		5	1	10
T3061	19	24	电僵王8		5	1	10

;幻境迷宫
;--------------------------------------------------
T3062	19	24	角蝇8		5	1	10
T3062	19	24	楔蛾8		5	1	10
T3062	19	24	电僵王8		5	1	10

;幻境迷宫
;--------------------------------------------------
T3063	19	24	角蝇8		5	1	10
T3063	19	24	楔蛾8		5	1	10
T3063	19	24	电僵王8		5	1	10	

;幻境八层
;--------------------------------------------------
H008	26	58	祖玛雕像8	10	8	10
H008	40	65	祖玛雕像8	10	8	10
H008	61	26	祖玛雕像8	10	8	10
H008	65	35	祖玛雕像8	10	5	10
H008	20	45	祖玛卫士8	10	5	10
H008	40	25	祖玛卫士8	10	5	10
H008	40	45	祖玛卫士8	20	10	10
H008	40	45	祖玛弓箭手8	50	20	10
H008	40	45	楔蛾8		60	20	10	
H008	40	45	虹魔蝎卫8	30	1	30
H008	40	45	虹魔猪卫8	30	1	15
H008	40	45	虹魔蝎卫8	30	2	10
H008	40	45	虹魔猪卫8	30	2	10
H008	25	29	虹魔教主8	10	1	360	

;幻境九层
;--------------------------------------------------
H009	128	91	月魔蜘蛛8	200	30	10
H009	128	91	天狼蜘蛛8	200	30	8
H009	128	91	钢牙蜘蛛8	200	30	10
H009	128	91	暴牙蜘蛛8	200	25	10
H009	128	91	花吻蜘蛛8	200	25	10
H009	128	91	黑锷蜘蛛8	200	5	12
H009	242	152	月魔蜘蛛8	150	30	10
H009	242	152	天狼蜘蛛8	150	30	8
H009	242	152	钢牙蜘蛛8	150	20	10
H009	242	152	暴牙蜘蛛8	150	20	10
H009	242	152	花吻蜘蛛8	150	20	10
H009	242	152	黑锷蜘蛛8	150	5	12
H009	66	208	月魔蜘蛛8	150	30	10
H009	66	208	天狼蜘蛛8	150	30	8
H009	66	208	钢牙蜘蛛8	150	20	10
H009	66	208	暴牙蜘蛛8	150	20	10
H009	66	208	花吻蜘蛛8	150	20	10
H009	66	208	黑锷蜘蛛8	150	5	12
H009	128	91	血巨人8		200	5	20
H009	128	91	血巨人8		200	5	20
H009	128	91	血僵尸8		200	5	20
H009	128	91	血僵尸8		200	5	20
H009	128	91	双头血魔8	200	1	120
H009	128	91	双头金刚8	200	1	120
H009	128	91	赤月恶魔8	200	1	180

;屠龙殿
;--------------------------------------------------
H010	205	210	牛魔侍卫8	200	40	10
H010	205	210	牛魔侍卫8	200	40	10
H010	205	210	牛魔侍卫8	200	40	10
H010	205	210	牛魔将军8	200	4	60
H010	205	210	牛魔将军8	200	4	60
H010	205	210	牛魔将军8	200	40	10
H010	205	210	牛魔将军8	200	40	10
H010	205	210	牛魔法师8	200	40	10
H010	205	210	牛魔法师8	200	40	10
H010	205	210	牛魔法师8	200	40	10
H010	205	210	牛魔法师8	200	40	10	
H010	205	210	牛魔祭司8	200	2	60
H010	205	210	牛魔祭司8	200	2	60
H010	205	210	牛魔祭司8	200	6	60
H010	205	210	牛魔祭司8	200	10	10
H010	205	210	宝箱8		200	2	60
H010	205	210	牛魔王8		200	1	120
H010	205	210	暗之触龙神8	200	1	120
H010	205	210	暗之牛魔王8	200	1	120

;王者禁地
;--------------------------------------------------
;幻境二层北
H102	200	200	楔蛾8		200	35	10
H102	251	41	红野猪8		30	7	10
H102	321	72	红野猪8		30	7	10
H102	363	146	红野猪8		30	7	10
H102	172	59	红野猪8		30	7	10
H102	210	93	红野猪8		30	7	10
H102	262	140	红野猪8		30	7	10
H102	309	19	红野猪8		30	7	10
H102	350	303	红野猪8		30	7	10
H102	111	105	红野猪8		30	7	10
H102	158	149	红野猪8		30	7	10
H102	200	200	红野猪8		30	7	10
H102	255	306	红野猪8		30	7	10
H102	287	286	红野猪8		30	7	10
H102	300	300	红野猪8		30	7	10
H102	56	158	红野猪8		30	7	10
H102	153	237	红野猪8		30	7	10
H102	112	250	红野猪8		30	7	10
H102	114	314	红野猪8		30	7	10
H102	304	340	红野猪8		30	7	10
H102	251	41	黑野猪8		30	5	10
H102	363	146	黑野猪8		30	5	10
H102	172	59	黑野猪8		30	5	10
H102	210	93	黑野猪8		30	5	10
H102	262	140	黑野猪8		30	5	10
H102	309	19	黑野猪8		30	5	10
H102	350	303	黑野猪8		30	5	10
H102	111	105	黑野猪8		30	5	10
H102	158	149	黑野猪8		30	5	10
H102	200	200	黑野猪8		30	5	10
H102	255	306	黑野猪8		30	5	10
H102	287	286	黑野猪8		30	5	10
H102	56	158	黑野猪8		30	5	10
H102	153	237	黑野猪8		30	5	10
H102	112	250	黑野猪8		30	5	10
H102	114	314	黑野猪8		30	5	10
H102	304	340	黑野猪8		30	5	10
H102	100	100	黑野猪8		100	5	5	50
H102	300	100	黑野猪8		100	5	5	50
H102	100	300	黑野猪8		100	5	5	50
H102	300	300	黑野猪8		100	5	5	50
H102	251	41	黑色恶蛆8	30	5	10
H102	321	72	黑色恶蛆8	30	5	10
H102	363	146	黑色恶蛆8	30	5	10
H102	172	59	黑色恶蛆8	30	5	10
H102	210	93	黑色恶蛆8	30	5	10
H102	262	140	黑色恶蛆8	30	5	10
H102	309	19	黑色恶蛆8	30	5	10
H102	350	303	黑色恶蛆8	30	5	10
H102	111	105	黑色恶蛆8	30	5	10
H102	158	149	黑色恶蛆8	30	5	10
H102	200	200	黑色恶蛆8	30	5	10
H102	255	306	黑色恶蛆8	30	5	10
H102	287	286	黑色恶蛆8	30	5	10
H102	56	158	黑色恶蛆8	30	5	10
H102	153	237	黑色恶蛆8	30	5	10
H102	112	250	黑色恶蛆8	30	5	10
H102	114	314	黑色恶蛆8	30	5	10
H102	304	340	黑色恶蛆8	30	5	10

;幻境四层北
;--------------------------------------------------
H104	55	27	蜈蚣8		50	10	7
H104	89	81	蜈蚣8		50	10	7
H104	51	131	蜈蚣8		50	10	7
H104	126	37	蜈蚣8		50	10	7
H104	162	92	蜈蚣8		50	10	7
H104	55	27	黑色恶蛆8	50	10	7
H104	89	81	黑色恶蛆8	50	10	7
H104	51	131	黑色恶蛆8	50	10	7
H104	126	37	黑色恶蛆8	50	10	7
H104	162	92	黑色恶蛆8	50	10	7
H104	55	27	巨型蠕虫8	50	10	7
H104	89	81	巨型蠕虫8	50	10	7
H104	51	131	巨型蠕虫8	50	10	7
H104	126	37	巨型蠕虫8	50	10	7
H104	162	92	巨型蠕虫8	50	10	7
H104	55	27	钳虫8		50	10	7
H104	89	81	钳虫8		50	10	7
H104	51	131	钳虫8		50	10	7
H104	126	37	钳虫8		50	10	7
H104	162	92	钳虫8		50	10	7
H104	100	100	蜈蚣8		100	5	15
H104	100	100	钳虫8		100	5	15
H104	100	100	黑色恶蛆8	100	5	15
H104	100	100	巨型蠕虫8	100	5	15
H104	100	100	邪恶钳虫8	100	1	180
H104	100	100	蜈蚣8		100	10	10	50
H104	100	100	蜈蚣8		100	10	10	50
H104	100	100	钳虫8		100	10	10	50
H104	100	100	钳虫8		100	10	10	50

;幻境五层北
;--------------------------------------------------
H105	100	90	骷髅长枪兵8	100	50	25
H105	100	90	骷髅刀斧手8	100	50	25
H105	100	90	骷髅弓箭手8	100	50	25
H105	100	90	骷髅弓箭手8	100	10	25

;王者禁地
;--------------------------------------------------
H106	75	114	神鹰		150	20	20
H106	75	114	雪人王1		150	20	20
H106	75	114	蝎子王		150	20	20
H106	75	114	蜈蚣王		150	20	30
H106	75	114	红蛇王		150	20	30
H106	75	114	虎蛇王		150	20	20
H106	75	114	地狱犬		150	20	20
H106	75	114	电僵王		150	20	30
H106	75	114	楔蛾王		150	20	30
H106	75	114	钉耙猫王	150	20	30
H106	75	114	多钩猫王	150	20	30
H106	75	114	暗之骷髅精灵	150	1	180
H106	75	114	暗之双头金刚	150	1	180
H106	75	114	暗之双头血魔	150	1	180
H106	75	114	暗之沃玛教主	150	1	180
H106	75	114	暗之虹魔教主	150	1	180
H106	75	114	暗之黄泉教主	150	1	180
H106	75	114	暗之牛魔王	150	1	240

;沙巴克影之道一层
;--------------------------------------------------
H201  100   100   僵尸1           100   15    8
H201  100   100   僵尸4           100   20    8
H201  100   100   僵尸5           100   10    10
H201  100   100   尸王            100   10    30
H201  100   100   尸王3           100   5    30
H201  100   100   僵尸10          100   1     100
H201  100   100   僵尸40          100   1     100
H201  100   100   僵尸50          100   1     100
H201  100   100   僵尸1           100   15    8
H201  100   100   僵尸4           100   20    8
H201  100   100   僵尸5           100   10    10
H201  100   100   尸王            100   10    30
H201  100   100   尸王3           100   5    30
H201  100   100   僵尸10          100   1     100
H201  100   100   僵尸40          100   1     100
H201  100   100   僵尸50          100   1     100
H201  100   100   恶灵尸王8       75    30     20

;沙巴克影之道二层
H202  100   100  祖玛卫士8        100   20    10
H202  100   100  祖玛卫士83       100   5     30
H202  100   100  祖玛卫士80       100   1     10
H202  100   100  祖玛弓箭手8      100   30    30
H202  100   100  祖玛弓箭手83     100   5     30
H202  100   100  祖玛雕像8        100   15    10
H202  100   100  祖玛雕像83       100   3     30
H202  100   100  楔蛾8            100   20    5
H202   100  50   祖玛教主         140   1     240

;沙巴克影之道三层
H203  100   100  祖玛卫士8        100   5     8
H203  100   100  祖玛卫士83       100   20    8
H203  100   100  祖玛卫士80       100   3     8
H203  100   100  祖玛弓箭手8      100   5     8
H203  100   100  祖玛雕像8        100   10    8
H203  100   100  祖玛雕像83       100   20    8
H203  100   100  楔蛾8            100   20    8
H203  100   100  祖玛弓箭手83     100   30    8
H203   100  50   祖玛教主         140   1     180

;沙巴克藏宝阁
H204  100  100  重装使者  	  20    1    120
H204  100 100   地藏王   	  50    1    180 
H204  100  50   祖玛教主   	  140   1    180
H204  100 100   沃玛教主   	  140   1    180
H204  100 100   黄泉教主  	  100   1    60
H204  100 100   虹魔教主  	  100   1    120
H204  100 100   虹魔猪卫   	  100   2    40
H204  100 100   虹魔蝎卫   	  100   2    35
H204  100 100   邪恶毒蛇   	  100   5   35
H204  100 100   白野猪     	  100   5   35
H204  100 100   沃玛卫士8   	  100   6    40
H204  100 100   祖玛卫士8   	  100   20   35
H204  100 100   祖玛雕像8   	  100   10   35
H204  100 100   祖玛弓箭手8       100   30   35
H204  100 100   楔蛾8             100   20    8
H204  100 100   暗之沃玛教主      150   1   180
H204  100 100   暗之骷髅精灵      150   1   180
H204  100 100   暗之双头金刚      150   1   180
H204  100 100   暗之双头血魔      150   1   180
H204  100 100   暗之黄泉教主      150   1   180
H204  100 100   暗之虹魔教主      150   1   180

;任务地图
;--------------------------------------------------
;未知暗殿
M001	200	200	鹿1		200	2	60
M001	200	200	尸王1		200	20	10
M001	200	200	稻草人1		200	4	60
M001	200	200	白野猪1		200	50	10
M001	200	200	骷髅精灵1	200	20	10
M001	200	200	半兽勇士1	200	20	10
M001	200	200	沃玛卫士1	200	30	10
M001	200	200	邪恶钳虫1	200	30	10
M001	200	200	邪恶毒蛇1	200	50	10
M001	200	200	沃玛教主1	200	50	10
M001	200	200	巨型多角虫1	200	20	10
M001	200	200	鹿		200	1	180
M001	200	200	尸王		200	1	180
M001	200	200	稻草人		200	1	180
M001	200	200	白野猪		200	1	180
M001	200	200	骷髅精灵	200	1	180
M001	200	200	半兽勇士	200	1	180
M001	200	200	沃玛卫士	200	1	180
M001	200	200	邪恶钳虫	200	1	180
M001	200	200	邪恶毒蛇	200	1	180
M001	200	200	沃玛教主	200	1	180
M001	200	200	巨型多角虫	200	1	180

;尸王殿
;--------------------------------------------------
Q004	15	15	尸王		5	2	60
Q004	15	15	尸王2		5	28	60
Q004	15	15	尸王3		10	1	180
;尸王殿入口
D402	138	107	僵尸2		0	1	45

;桃源之门
;--------------------------------------------------
R001	114	122	蜜蜂		150	60	20
R001	93	104	神兽10		150	40	60
R001	93	104	变异骷髅0	150	50	60
;桃源之门入口
D717	83	25	石墓尸王	0	1	60

;六件新衣服
;--------------------------------------------------
T115	150	140	暗之双头血魔	10	1	60
T118	14	15	暗之虹魔教主	10	1	60
T119	50	80	暗之双头金刚	10	1	60
T132	22	24	暗之沃玛教主	10	1	60
T139	18	26	暗之骷髅精灵	10	1	60
T140	14	15	暗之黄泉教主	10	1	60

;活动地图
;--------------------------------------------------
;东部足球场
;G003	40	45	飞火流星1	50	1	180

;西部足球场
;G004	40	45	飞火流星2	50	1	180