;出生点
;##################################################

;边界村（比奇新人村）
;--------------------------------------------------
0	290	618    0       6        4      0       0

;银杏山谷（银杏新人村）
;--------------------------------------------------
0	635	612    0       6        4      0       0

;安全区/复活点
;##################################################

;比奇城
;--------------------------------------------------
0	332	270     0       8        4      0       0

;毒蛇山谷村庄
;--------------------------------------------------
2	503	483     0       8        4      0       0   

;白日门
;--------------------------------------------------
11	178	326

;盟重土城
;--------------------------------------------------
3	330	330     0       10       4      0       0

;红名村
;--------------------------------------------------
3	850	675     0       8        4      0       0

;封魔谷
;--------------------------------------------------
4	240	200     0       8        4      0       0

;苍月岛
;--------------------------------------------------
5	148	340     0       8        4      0       0

